19838
83544
5622
7525
24711
1146
5458
35101
8753
10583
16085
4296
7324
5601
6484
16899
19203
3442
3631
14586
4864
36880
14303
5524
24767
30164
10869
35528
7300
10376
10848
875
3190
6607
32618
19670
138843
6174
31721
12322
42221
34640
1836
1541
102780
5343
12205
33191
101243
6147
33311
39664
1339
5594
8042
8559
9864
36166
79700
1598
22235
14963
51117
26002
6564
1833
10195
3511
3674
6076
4690
4077
5770
7027
7618
7787
8081
7096
7893
4652
6714
2671
3516
2810
2760
1975
2383
3690
4684
3655
5378
4407
5243
4324
6162
7464
7180
6971
4440
3059
4543
4769
5114
2358
1737
1939
1994
11442
35557
27052
18377
10749
2433
5129
995665
78535
27657
207758
107077
6194
91527
36534
4304
5548
15836
73965
13652
2335
1636
7424
1752
4616
4086
10328
2867
5500
5694
25558
18607
7333
4946
1573
1921
4349
34421
5677
3961
29069
6794
12670
4470
9202
3367
11250
4631
3593
9521
6938
1757
4569
1286
2729
3715
6441
22884
5658
5783
11920
7296
1545
3046
2133
3192
5294
3479
2417
3519
5918
7035
18081
2786
63687
5355
3242
39556
2962
3365
31198
3884
5938
4616
10478
6034
47504
24182
1543
5226
136309
244
13585
48730
16518
4554
152877
6461
61838
164464
7063
21770
20847
4620
164484
24072
13123
8970
1145530
29378
24612
5950
13267
39397
3109
2513
46299
20676
26779
676498
122488
6445
448702
259405
10590
366257
600094
56417
121098
67436
75563
65736
214612
26937
60789
1142
13290
69306
61825
104145
24375
19141
3188
77579
17689
162207
27292
17676
95657
3813
127323
5189
1867
1503
42501
16295
6222
993
2754
2286
741
1271
2474
13081
71618
1089
121270
9892
14027
202828
17517
14717
1833
4883
3735
353
2203
681
148417
795
3144
1497
14233
91489
4284
2135
8087
56894
427
5670
9306
16770
9593
5756
1577
6991
1958
2780
4008
42252
3061
3660
5925
1413
202
1136
1121
5322
11241
2595
96145
4107
169039
159024
55601
40665
169892
57110
34819
29141
41009
88364
71230
18586
50972
11911
66097
10334
207883
333409
5274
73243
65352
84480
128950
23836
8313
6759
233762
96674
43043
4675
7465
7895
3782
6113
3815
6122
7906
70412
34873
327398
8080
58872
15488
4479
3128
125859
233247
57453
16749
2846
5576
124987
127826
61168
532833
25693
42566
79798
11470
245398
73480
334711
179621
276209
194586
25514
110946
86831
77385
148370
125241
62761
16410
7751
5133
173821
12874
32947
9876
6570
2300
4017
897
8903
7795
26804
37672
4111
6419
26559
4329
6993
4261
14240
18387
5400
8406
923
15249
3133
37476
25167
3419
53232
880
8064
99585
14450
637
15811
2105
165436
10578
11777
50013
4900
51501
4428
4985
6066
13398
6755
58377
5843
2159
10441
25454
2710
1256
23361
6226
6553
2888
12169
37956
28906
85123
9069
137247
13429
1402
25617
19405
7034
7066
166400
16637
64183
1154
12330
14319
9465
4519
48259
41540
3134
29502
5822
4695
3537
2161
2850
9940
6331
2509
14493
12007
7959
3173
3527
25692
12163
6169
4016
1783
11326
2275
6524
2066
4935
11057
2960
8231
12944
30107
23869
16595
5592
54517
6506
14110
7898
9127
13587
2815
8291
604
7474
1390
26780
13014
1800
3915
2613
18104
9367
801
5733
1392
360
6054
2420
2825
2004
12969
10784
7873
6384
2101
18142
2349
2370
12650
8606
23173
37839
9903
1166
4668
9987
748
1583
12222
25644
2402
2823
2665
6830
26897
136259
11582
22126
130699
1941
23331
2914
3878
15295
4031
3485
18369
37805
4937
1202
507
61759
2906
7907
264
3453
2089
7246
5845
5548
7951
4659
7826
12099
5734
62837
9472
3592
1489
1469
13559
6265
13738
2148
3819
8862
2116
4216
2858
25897
3947
4154
24220
1486
5625
13883
1931
10411
2046
5105
3625
35285
11563
6226
5629
14304
14037
558269
7043
4601
21905
5632
6227
193611
6193
2833
15006
8055
5048
13622
9867
2019
4770
16523
3432
6906
1691
2394
15300
10877
10890
4494
12476
8712
7166
5059
96775
28532
29492
12009
123594
30113
4886
9630
12208
9136
7027
82260
40502
28589
16153
76031
12678
4197
4654
4997
4764
5418
14142
9544
9950
4964
16248
38252
7313
6248
6332
1722
1699
1993
11076
6089
28603
57150
8103
53485
2773
2114
9426
2004
12521
42513
6161
20725
4237
4676
6115
7176
5791
14527
155116
22801
60861
14799
10686
92083
22410
3007
3841
22351
5777
7086
10552
33668
9499
9334
3483
9576
19528
9575
14237
26827
15033
46972
7755
23400
6154
9691
6694
11817
18543
11103
101587
28996
14565
53802
15043
26449
13147
14555
11383
6361
9663
9490
51219
11655
26499
8110
91760
25997
15601
31215
134175
13844
4029
10925
22071
12659
27512
4942
14195
2392
6432
7286
5398
5345
4692
45008
9206
4246
12278
8312
11261
6035
53164
7328
14568
7357
7466
11327
6691
3133
34581
6110
2688
41844
5184
24545
10762
3401
21326
9114
17567
10855
7957
12862
2917
1530
4735
4512
2295
9188
29640
8695
8294
6420
5056
5542
3689
7737
4969
6161
12442
4495
4308
3144
6137
6106
13361
4854
27987
3032
2615
6666
10592
7438
27214
3265
6145
4732
3422
2711
3223
4929
4272
4956
4390
5850
5569
6507
3127
3819
2880
6009
6940
12084
4443
22925
6572
3797
6275
9773
53364
3500
3287
5707
6507
8297
12663
9571
5585
3677
3248
2975
3659
10823
5861
2690
5319
3370
10492
2826
106800
26247
5657
1968
4061
43683
4697
15680
20340
5303
2463
4010
2859
9516
17782
6971
2338
10938
3707
6235
25736
2738
4136
4155
2874
4826
1992
8480
4910
3206
22250
1114
1397
6622
1158
885
3129
3182
3407
745
9442
10045
1232
7045
2949
16737
1127
1130
9569
2106
7079
5763
8326
5193
1256
1052
1910
1871
537
2404
684
2128
10015
1103
866
4435
6193
1369
155631
1134
3102
957
5639
757
21378
1273
3940
1231
7381
9562
4377
3662
1508
12116
2454
9768
2085
1004
4612
4795
1315
1977
5591
1590
2581
2028
2388
9247
3087
1253
17948
2172
3187
11174
2294
1425
2765
15313
1991
117653
3285
40443
1237
2222
1734
1631
607
1731
7998
3106
1341
2813
762
2332
803
3111
1189
18512
7276
7587
9661
3356
14654
3986
8140
44814
6190
14295
8872
3398
4265
7701
30708
4960
4906
11352
28482
2159
2954
8775
6179
15080
11811
6677
4280
3451
2769
31025
4828
2246
5100
58860
5534
12250
12900
1606
2955
6754
8725
13206
9453
4838
13064
3145
29832
9367
6334
6345
12730
5843
1714
15757
5453
150646
17096
8450
48129
4780
11012
5685
23237
5633
2273
4321
7226
4986
8489
4010
9067
3100
21820
5664
3633
27356
4174
6113
13297
3496
5477
10185
2311
8506
3959
4628
8993
4301
10497
15703
2408
8582
22654
4292
1671
5515
8129
20284
4041
25442
884
6577
5994
7519
17767
15055
5888
8737
9376
4062
5487
3227
4965
31791
4482
7430
4506
12567
2097
8362
22596
7574
40687
7271
12028
13575
3891
38074
48021
55066
3976
3671
3541
3770
5550
9112
88420
1080
6064
11053
6970
8117
21251
7893
5394
105949
11423
72519
36024
6378
11311
54877
1930
6510
9358
26664
42255
7412
7503
38347
2413
6607
8776
11179
18233
2714
5954
7538
23171
18203
14811
99666
37806
1197
34339
8407
21930
14107
13307
11830
7684
4317
3863
4619
29268
21080
59584
8754
14982
34721
9982
10256
17698
44825
6143
9755
16644
11196
10194
54817
20886
127821
146202
25346
10283
60218
29439
25579
8764
63682
12002
80930
48390
5195
101222
37090
18741
30826
5739
10946
40224
22944
18571
25374
55311
18064
119872
2631
144837
11201
87318
22281
226956
1914
125294
121227
58613
171683
4848
3014
41392
10686
9748
5928
2512
23471
33125
6601
43519
14064
36221
16699
9841
10186
10681
10861
25098
5087
13207
9617
31798
12135
98714
9893
4600
30502
12102
17037
10378
12731
47639
20657
9759
4216
14815
47372
56823
7436
165741
862
3946
35482
7916
31541
76982
2109
4304
263863
8321
16286
10207
13267
8117
27675
6648
52710
21815
4171
45133
18857
325971
8892
8253
2358
8928
3466
9779
100913
5342
9670
50785
59185
18127
16194
3090
23149
20297
21591
56241
264553
12102
6258
104902
12438
12188
14382
1863
16731
9552
9791
34009
11620
4250
21916
15043
3372
1203
4165
25676
109638
7783
15799
5191
7301
9578
16052
2269
205973
6334
8202
16491
15239
3948
6278
14437
1546
4131
2528
3393
1704
10775
2121
7979
13986
1142
3721
7480
9359
9952
14821
10025
3363
9018
5600
1953
39692
23800
4532
10256
3553
9865
4417
77376
1454
5771
5467
17464
3583
6065
49017
45872
36222
5864
50959
12656
3044
3316
9753
1172
8153
5520
6624
73764
3103
2328
13227
51973
3734
5696
12818
4503
5178
2570
4671
4625
3924
4175
3001
603
5417
4181
2375
6250
5854
46462
17290
2923
9713
4794
6081
16132
46822
25141
1369
1118
308
9438
36295
4302
531
2534
21226
1787
12949
20704
17967
4285
5228
24207
3129
11596
13800
31091
8273
7566
11177
2917
8320
6997
1240
9004
8060
19595
4500
8479
11550
8370
1026
50895
6285
688
7635
6458
5964
2799
2488
8707
8054
7933
926
10373
4220
10365
5300
6307
4291
1324
5112
3671
4832
6413
7255
2199
7732
12425
5168
6597
8109
5167
38646
22450
14602
3725
14815
18850
28907
3706
2451
37197
5788
3111
34920
2672
64605
7799
26086
6272
8725
3414
6619
3102
3828
5987
5898
8135
38058
6222
2581
83630
3585
3198
8027
3966
1976
3553
15181
3596
126535
37728
77046
15489
1486
13762
12273
14426
3553
21848
4363
5267
7465
6076
4584
3892
9915
1541
10176
3537
5744
3477
4465
7442
5447
22120
6865
3847
6425
4064
4120
7657
13854
13480
5863
28917
11850
10329
1984
4396
8018
8345
2733
4839
128389
3932
6630
20511
199493
6451
1606
1560
13769
3165
2700
11484
14800
1974
20508
9478
7155
13222
8047
4987
14880
877
7453
21474
3923
2207
1469
3173
4468
775
23315
1891
4205
799
3758
2186
1375
4869
38321
31696
764
1884
414
1419
3957
5345
1040
9322
21409
821
8672
956
4191
833
1828
26347
2423
6025
298
1936
2031
970
2355
603
19114
4800
1996
2486
5660
1403
7745
4462
1840
2608
1596
373
3135
823
516
50772
10085
3093
260
362
280
2653
4002
1010
1470
16640
2580
3542
10121
4174
1740
2844
3813
2848
2636
3507
5090
3926
2931
6524
871
2335
10984
119159
883
2359
1437
1229
2163
7445
1016
933
893
375
1016
16189
4309
1615
494
1264
4769
376
2786
2616
1518
2822
3544
476
1563
3721
70092
13071
407
370
275
11940
3419
2113
1437
2428
1857
5649
1071
1321
4157
3462
12186
2291
4525
3073
744
3631
51979
9108
10952
6490
2292
1322
642
2561
2308
377
1180
1901
8583
3055
1511
438
5337
9372
430930
21630
16741
400
895
5877
2198
2067
20914
1423
17528
1731
1908
116760
3403
16113
20899
16150
17892
8617
19905
104625
39711
95858
30489
11508
64438
204417
103345
86207
33158
28952
75475
83340
65698
43153
51641
143467
191808
141134
217740
92009
18827
71996
51698
80002
34769
116135
1698
15656
3975
3271
10444
656
32802
17454
6553
917
319
1120
16531
6942
4278
4408
7801
903
14521
2634
5408
4634
34174
32874
3421
18329
3542
3255
3715
4772
1388
17364
51081
14135
67740
43800
22155
19512
34853
21922
13482
16514
14464
10789
13387
66872
197527
8976
9668
15378
18876
14271
2225
18870
25629
202772
8894
18182
18408
145661
12745
326716
85185
56068
57180
90619
29039
84996
12126
32138
14382
29283
212665
36500
123320
73186
24608
61305
30741
9903
5621
8329
29474
381253
18665
14791
11096
37590
17699
15941
26204
144713
13898
6208
46056
15888
4527
5321
11451
7172
16437
3817
9676
55850
62412
31019
63237
32119
4312
30028
7089
56588
21186
12628
4471
5112
33798
16832
31032
60032
11657
13938
64658
18228
13793
32459
9206
85064
20901
73033
3367
3710
16647
4874
107294
10080
35177
22834
40032
3479
9453
1418
67010
11356
68353
3280
16469
14590
36341
16883
14211
7979
6532
179211
7090
8411
36764
25827
63331
3989
46078
20176
4849
9770
21956
4903
13184
38982
7689
56894
11830
27806
31301
49297
24891
17411
7473
25458
20142
27538
4161
11636
1044
80382
8391
226197
3752
2781
14451
30709
27592
19581
15933
7516
981
3568
1094
541
2575
1395
994
34744
42619
1499
1742
904
1951
854
1738
1362
871
16987
1145
907
1091
1215
1645
930
2364
1153
4482
4198
3856
12243
2824
1141
918
2460
1585
3577
1418
1065
5072
1257
1266
688
258
380
12110
652
6994
830
2522
3324
19974
1893
11739
9870
33116
19407
26890
10862
20798
23560
16480
114392
10745
14589
39032
74570
15488
35726
12325
15436
202699
22004
13038
66356
22160
50797
9473
211237
15731
10645
34143
52072
13407
177886
26310
9949
5792
10479
15678
9737
10796
18956
11309
22828
22340
73278
20306
59514
17964
79520
81763
13835
59903
19023
64598
8316
19452
41371
5463
129034
5041
14077
27867
5135
14628
7086
12357
20593
9157
45990
17022
16412
41472
22278
18896
22609
17086
20422
111097
124833
55194
30458
21669
11650
4632
87988
22307
36759
13452
35757
8462
5585
1978
4557
1968
6767
3136
12344
7013
43550
14699
11223
4698
970
66677
2091
20905
2117
4686
23294
8060
13557
2124
1688
16970
8878
18538
1916
1605
747
1327
4165
3875
6392
2026
3441
12834
5521
2673
3437
15213
12013
15608
3305
15295
9485
6172
3084
4891
12749
4612
16526
3821
3610
3058
145050
9668
14121
8545
5267
17813
13851
10805
20240
4016
1629
34031
6011
12113
15560
4505
2076
150574
26165
17076
4086
2993
6611
7352
14878
110509
10218
17150
21829
11287
8484
55646
43298
834
3545
3475
3955
63869
7189
31751
25308
3470
80336
12460
43486
8187
79002
3586
82995
23732
921
8354
21270
10298
3404
7035
99073
711
29551
37523
282913
27489
54759
23025
109736
45306
21600
187367
74359
48085
1771
21984
36372
128565
14578
29203
11902
20098
28559
77212
66408
118532
12140
66869
41227
1882
57245
6824
12579
17061
28089
17960
9649
52334
160209
29597
46731
84259
86929
41462
14083
36143
16670
38726
185460
5844
83854
28952
18293
132740
19213
7239
48871
13983
31466
2619
15207
15742
12356
18569
14237
72080
18637
130218
9936
146733
9745
42001
15722
102551
29818
8215
51589
835
67565
2417
5492
53194
57397
4305
93297
18043
8660
11297
8361
10440
16832
6582
41913
8184
4625
32615
20487
150021
19431
3906
118821
7078
20471
30312
20004
3008
92817
2958
5711
5044
11443
29698
13603
42907
58313
6210
93560
21000
8183
5532
82727
1052
4808
694
2235
8000
10580
1750
183
3731
747
2552
1373
2456
8958
647
3852
5613
1869
1699
790
1468
1538
2878
964
2618
1771
1026
2372
1433
1793
748
5522
2944
564
738
721
498
1904
3681
8753
19617
1042
2068
1075
1287
9875
449
787
49249
1951
297
35063
1401
1139
2404
905
2104
1203
726
532
2161
3290
5944
1966
6581
404
23184
14354
5668
4725
47369
35204
12331
5190
9205
19584
14438
5952
10604
2733
12162
17883
4673
25168
100218
4229
6672
17643
11768
15690
7441
13987
16259
9784
8565
22259
4802
18811
92108
2372
5760
9559
20405
3343
9797
11239
7577
2718
6120
4118
18651
6468
124540
1492
5674
15334
4474
12281
21713
18198
9093
8096
23943
9911
11043
31464
4467
16783
42187
2888
6930
10790
7918
2775
2381
6792
23759
11050
19230
24536
81480
8004
5855
33783
129815
7136
4950
55860
63454
20070
2936
6599
6803
2342
11850
40444
5795
10396
9606
86469
50296
15110
4943
25076
9239
4300
1035
12039
11447
1434
10057
20516
1494
6006
67893
308618
5443
397
7469
27116
90433
47530
2461
639
998
13698
6743
18767
8031
5641
6012
49032
3626
2779
11033
1602
17353
15101
1943
5069
809
1586
3641
252318
1048
7472
62740
5177
1058
15596
15438
540
1247
1220
1396
415
1389
307076
2951
3294
2162
222480
6567
853
1384
1438
2443
7237
32697
893
56717
84331
13684
4177
12171
10171
1448
1584
445
157718
4161
6991
2823
5355
93911
1413
12514
611
3085
5627
6840
44163
32493
9432
47553
7177
995
3616
1849
1330
23858
700630
21466
1868
1840
47680
1486
28911
90527
11926
6536
26496
12719
7060
8054
779
29163
7681
759
3418
5231
12542
784
47570
833
7453
54628
5660
3968
37624
20083
127
411
20879
1987
151
1144
5504
1180
16760
3521
8086
1335
8804
6255
7523
23302
6789
1205
4199
10079
60
78861
1853
2904
59543
460
4169
3470
1857
1991
9845
6881
15642
823
45624
7984
2217
2170
8615
193382
4359
3872
604
17378
13800
4882
4131
64617
2812
917
29186
10179
9326
62045
2135
3215
18573
22820
721
5155
50796
942
1643
4517
2254
2210
529
5646
36726
3807
16534
4784
3007
10161
16516
2308
940
4983
1484
7975
886
69080
4105
8247
3385
584
615
1222
1845
409741
39547
334
2812
806
7570
32313
161337
5579
8194
15809
1178
6174
8284
22270
23358
15375
14260
3241
12959
25898
11926
2159
32069
3524
2441
139729
18463
1753
27032
19049
2174
7110
2033
1490
2695
21548
38032
6693
496
104135
7513
4207
2158
2248
18989
5087
2998
5404
5181
773
1157
230174
3535
10459
9052
10252
21014
13261
192812
10795
67294
1229
65949
6292
7114
6551
21017
1773
11274
1810
4163
6187
6512
14672
8928
6440
9971
9172
20804
5859
5390
11041
6702
22318
30714
1834
35600
2903
15099
3357
8311
4544
21245
8336
12659
1761
3815
93326
5192
2536
16012
3019
5748
8695
3075
168401
25106
6225
8155
20895
30558
6876
14875
9966
6529
6866
1914
10418
44318
63440
16725
1092
13707
23153
2450
8446
7320
3697
8365
82088
13294
3537
5300
3901
9266
4196
20629
4812
9631
2955
4485
4027
12426
9345
7485
23751
14055
4434
10103
81222
12127
2812
2547
34268
8088
30349
10879
9063
16463
10963
5730
39411
37636
2025
2219
16731
14069
21679
5318
13366
11733
20241
14544
5347
1863
3094
58180
6007
1580
7428
754
4007
1490
1487
4037
1838
18430
5591
4020
906
17097
6256
1979
2165
26377
23443
1109
1584
5605
12755
2786
16603
15607
7683
5695
20082
105087
5507
1963
5221
3907
7319
60365
22746
23062
126303
1754
34424
12955
2771
18039
1069
24764
19877
22746
6931
269167
61563
14105
7237
29391
5150
18710
11840
6953
5728
197730
3057
32762
3885
166428
148576
19808
65277
1741
16400
50489
9067
50555
5116
33279
6816
4120
7545
21721
2364
2679
2619
11580
2012
4871
10925
8033
9806
4859
20683
10093
15033
46398
5782
6012
10534
5148
16300
10435
8491
19237
10040
8544
20803
5068
6537
8279
12354
2782
2742
2895
11190
20034
24673
8673
3649
4213
4074
5477
2841
3226
7771
12585
2759
4993
2134
27202
7353
7362
3841
15803
4617
75871
4834
6462
18156
21317
10002
16927
4620
78800
31355
9752
10923
13173
25341
2133
35754
3285
14142
10169
7168
5909
2438
5791
27208
8749
44972
7927
28684
4821
7330
10017
27218
44624
15304
5719
278
134357
13775
16226
13671
58385
33912
2584
12815
16611
19299
5394
54479
4871
37138
5257
32199
17493
5909
15173
37609
7657
8833
8218
9261
33851
6334
60237
159649
18952
9016
47796
24308
8579
4806
16975
5014
5917
3651
12007
4878
1999
3881
27891
8643
25271
1118
12813
3898
11843
3957
12229
4341
7496
3245
3107
