7503
24578
4816
1986
2640
3446
3965
15216
6365
1624
3073
3127
5755
1267
675
5076
8343
2966
1796
2721
1700
4478
5170
12230
4281
10367
4918
11567
1395
2086
1595
3884
4687
2606
12917
3717
181688
978
11915
3562
27860
13672
4972
7108
87286
5488
1463
5943
79474
4455
64529
13234
3860
4022
5636
2203
11228
7744
33268
4648
13138
5859
37765
4834
2258
4048
974
3477
2104
1903
5345
4204
3272
2215
1953
2769
2727
3130
2957
2666
4261
2622
4274
4136
4681
3118
4881
5414
4553
3810
4736
4600
4558
4844
6264
2985
2638
5037
3506
7535
5763
5011
3796
2560
3202
3580
2318
23293
23732
44698
8943
4034
1182
2236
1040774
24831
23383
304981
75106
13138
49602
32210
1818
2125
4635
42249
3064
1214
479
4023
2260
3438
962
1988
651
2814
2615
11921
4959
8514
1772
963
2016
2426
18347
1300
1035
14045
1268
3058
2138
3082
1340
2806
1021
1365
14981
2283
839
1080
1423
1032
1226
1544
6686
1563
1531
4245
4558
1147
731
1076
709
3995
1012
3623
644
1424
1246
5772
654
101947
1215
3604
16060
483
588
14487
1116
1398
1180
5584
1593
43824
5978
856
1284
617659
476
8153
50426
10046
3234
416386
4677
51621
193025
3995
44768
34678
4634
133366
18699
14941
2799
3028885
23168
128288
4088
28782
48991
1150
4013
113953
49817
36359
814009
106869
4561
527945
440808
17628
455859
964650
378156
161137
88310
291410
129963
617967
114246
30000
730
9593
131639
199938
105841
17367
8911
2851
66105
11978
251388
67598
11230
134202
3759
213607
3738
317
732
159089
29077
7160
131
3604
1959
1311
437
1112
5887
313293
341
104653
18588
4490
161941
7369
15427
2223
4710
7132
255
2076
175
218396
98
662
2303
20548
126120
3497
470
2218
31536
317
1203
5836
7687
3876
3605
2365
4903
486
8989
1458
43772
561
2495
10582
1884
342
3924
301
12631
5278
369
66060
785
297505
283368
50164
56848
242629
79459
44006
26701
44552
195034
56682
317323
89704
2037
25614
3160
148549
618752
1209
42273
27092
38317
77621
8914
4259
1365
252556
70929
28161
2120
16153
1700
1385
1985
1963
2298
4929
37519
16938
376367
924
37844
6766
3897
510
83505
157695
103517
6205
694
3747
90166
74858
36893
617864
21881
15564
34248
4390
395014
97297
433572
119073
277450
145049
10527
63850
84137
27612
120110
132528
29341
4485
2299
1053
130575
5351
10338
2347
1784
825
625
652
9140
932
10453
12091
2393
1269
43408
1312
700
2791
6738
11248
5208
3274
1263
7967
1269
16236
6932
1105
78247
667
1854
42779
36055
791
95466
744
221847
4511
4190
29232
2059
24210
1615
2982
1261
2486
4782
308162
2172
1911
24568
42814
2450
167
7718
2879
2886
1324
2570
33062
11917
42208
1593
380212
2932
155
15882
4384
3619
4087
241994
3562
25033
2976
1791
5457
3157
824
73443
32239
1008
7642
1761
1028
4058
1266
1222
4882
2620
1019
8074
4558
13104
1432
2035
20116
3126
4168
2612
2858
3411
1312
4287
748
3993
4385
980
3353
2301
49446
29789
8162
2439
29695
5922
2824
1100
1505
3657
1230
3448
497
1984
1671
59119
31237
462
2661
1256
11828
2386
1182
6314
2114
561
2062
1388
1488
2376
8708
5318
2938
1550
952
11577
1409
2044
2800
4203
5770
12683
4169
1468
4743
2688
640
689
2411
10680
861
2160
2074
2395
58731
238869
21225
47305
120539
591
14682
350
977
4124
8919
1204
8310
14254
1220
188
149
25881
431
1464
41
877
603
2601
657
998
1803
1256
1561
1661
1893
24312
10236
1032
349
414
2666
1550
6686
249
816
2161
865
1693
3318
9391
2976
1073
8633
1114
2288
10542
486
6669
677
2748
1615
57067
4335
1993
1129
4493
8067
1725973
2202
1142
24643
2191
2335
281222
1887
488
3716
1826
1754
4760
6503
622
1349
9626
824
2315
449
1187
9797
2908
11181
1007
4608
2961
5109
1281
130166
20271
33168
10703
204032
22442
1419
6407
4615
3840
4992
78154
43933
19847
7365
57836
4524
2005
1985
1725
2022
3280
6569
3905
5076
1662
9428
43578
2612
3329
1484
433
891
1338
3592
1830
36691
68325
2789
48917
1068
572
2504
815
9055
24819
2579
10323
1253
3090
1641
1187
1517
12253
183915
10206
64056
6160
3236
73189
12934
1009
1376
15244
3036
2224
4304
23093
2552
3361
1355
2169
5446
2439
4966
20474
6292
26108
2237
17511
1629
2137
2280
4023
8015
3389
88390
12895
5343
32604
5544
13303
4255
4302
3798
1926
4731
2523
24736
4067
8364
2355
124870
22427
4961
19524
247772
5712
1011
3235
39861
4213
7781
1509
4660
750
2224
2420
1503
3203
1415
39746
3811
1463
3946
2513
2774
1754
59896
2698
5023
3213
2650
4513
2153
964
35017
1834
736
34415
2145
18123
3494
974
11923
2784
9524
2928
3032
4234
1198
590
2576
1891
1071
5160
35647
6303
5958
4169
2961
2424
1470
3454
2201
4337
10941
1936
2233
1466
2662
3340
10812
2220
26879
1013
1120
3157
8893
3661
25657
1520
3835
3172
1626
1080
1769
2206
1985
2843
1683
2976
2440
3275
1772
1442
917
3547
4029
7737
4319
59177
4213
1414
2696
6541
70874
1726
1284
1067
3134
2894
6178
8176
2508
2053
1407
1078
1583
9372
1569
601
2086
1519
3494
933
146250
18575
4306
709
1389
46926
1959
3019
29175
3577
746
2061
875
5821
12574
4561
727
6613
2135
5617
18704
1596
1996
1559
765
2314
284
2302
1505
1088
9003
341
212
2163
220
143
883
893
928
126
4171
6179
208
2040
678
39436
267
191
3633
646
4155
2926
3623
3825
163
222
497
337
77
562
134
453
6652
261
151
1852
3106
211
184259
255
745
153
2607
114
13753
266
863
185
5878
3977
1463
1239
261
5133
547
3147
721
147
920
1727
147
361
2099
275
504
635
318
3257
924
214
8602
420
953
11940
332
291
591
8022
290
90820
1736
43015
144
386
328
355
147
233
2551
622
238
956
44
467
147
711
283
35566
1392
1642
3348
825
5127
1573
1789
20901
3296
7083
5298
800
1301
2350
10552
1079
1433
5797
19374
463
1116
2642
918
8296
6004
831
603
731
508
17286
1227
712
1355
90600
1474
3884
12652
794
822
1830
2205
3560
2400
920
4873
1351
18101
1494
2400
1908
7639
2142
458
5439
605
228358
8567
1608
32271
1412
2114
1504
4475
1238
481
446
1799
823
2254
939
3094
1092
11195
725
1074
15581
1214
2722
4071
403
2362
3632
750
3033
975
657
3630
1175
3545
7188
955
2404
14505
1098
216
1322
2356
4866
1367
5666
253
1134
3880
1331
10567
8077
2681
2530
2963
1205
1791
1012
1529
22479
1644
1700
1412
2552
839
6530
5443
2108
20399
3833
4979
2542
3067
15662
55110
25982
745
324
1269
2731
3177
5457
115577
1900
4280
4158
2658
1157
11027
8514
2143
84477
3208
39685
8672
638
7559
9249
2654
4946
6896
147854
25913
3414
4683
19475
1644
3225
1731
6151
9800
3346
6510
13582
17372
8439
8055
37746
18887
1329
11198
2654
5009
2898
5970
6172
6200
710
2298
1543
27617
13956
128759
8069
19369
34902
15110
12684
14755
37713
3517
13528
10199
12345
6761
71189
9158
172823
258409
22587
5095
36456
16809
62171
6857
77675
3281
63095
129433
5329
419569
379208
10709
23138
4241
11062
26044
22054
12560
207260
91994
51705
153377
9914
267198
30030
125948
63362
617196
5241
273312
173630
270522
248773
2142
2053
24449
6000
5960
2774
1478
11797
26151
5480
37438
6159
28877
9130
6939
5437
6648
5199
21968
2672
7606
4744
31299
9662
119390
4524
3570
28683
6693
5883
7750
5490
94212
10901
5373
2493
14072
31995
83686
3002
187915
672
2288
16367
8795
20918
48220
842
2632
223952
6107
20465
6802
7375
4316
20493
1967
32975
9703
1628
45643
7873
434148
4944
3475
1391
3214
1342
4743
64705
2911
5166
51088
31363
9262
5966
1589
15347
8712
16803
157136
597170
5838
3607
100893
6589
11426
7280
1053
18330
4753
10098
30774
6342
2226
11806
16357
1260
2496
1834
13726
146155
4079
7868
2531
4551
6889
11806
1300
532623
4853
4462
7138
10786
1745
2774
8440
1006
2659
1446
3647
671
5672
937
4634
6413
1112
1295
3305
3867
4404
4367
8899
1449
9622
2933
1404
49491
11958
2568
5419
1306
5439
2477
211620
691
2355
2496
17402
1556
2188
67704
40040
18065
2417
31879
7917
1922
1784
3286
661
4696
2023
3496
89165
1987
1026
13333
28430
1688
7917
2782
2620
3542
1679
8904
1902
1729
3810
1185
3772
2838
5844
6020
6470
3416
28265
13755
1480
1218
966
4734
4504
27728
73550
6588
3016
355
1249
17375
4341
3327
3599
8517
2887
10070
7340
12960
2260
3897
12189
7648
5040
13087
24440
3787
8057
5874
2121
3260
3075
4040
10299
7403
4148
1362
8646
2614
2153
2150
18847
4330
1465
4037
1791
1802
6781
3105
4183
1937
1059
2580
2160
2835
10442
12503
3624
1043
2749
4040
2785
5496
3710
2351
564
2704
2948
844
1672
2180
750
50064
13445
3301
897
5870
5652
10760
786
418
19052
1145
916
11131
678
59400
2896
12694
2249
2113
656
1380
746
930
1056
1016
2200
14569
1601
613
55068
799
597
2619
1056
338
1413
3218
945
199842
13549
37523
6974
340
2780
4472
3214
984
6607
1275
1410
1439
1662
1019
814
3202
222
2038
1178
1308
936
1208
1924
1748
5818
2853
823
1037
752
1560
1664
4783
5637
1717
27179
2885
3740
361
1205
2485
3109
529
833
89530
988
2713
7044
328151
2904
373
388
3753
706
592
1819
3506
478
5339
1716
1903
4769
1804
845
3573
215
1168
110089
1608
2491
1589
835
2421
74
15456
991
1514
195
962
2562
172
1496
20274
37044
41
3610
78
638
2981
2625
275
6916
19743
249
2835
155
1771
258
686
43357
413
5280
39
416
903
154
752
126
8763
875
1910
1199
1820
574
10392
1156
549
1007
467
78
1030
225
77
30679
4213
452
21
43
35
499
1051
135
191
6350
1063
873
4737
725
226
373
855
632
1025
870
786
2744
1082
2497
141
651
5544
150350
105
693
276
189
399
3385
161
133
215
20
229
7681
1118
282
34
175
686
59
648
1016
647
701
763
49
268
905
82293
3692
38
75
17
3478
743
386
359
921
409
2490
322
199
752
480
3260
530
811
996
84
1986
41206
3331
4196
2438
340
343
72
532
624
45
1122
412
3554
1022
335
59
1630
3051
521852
11571
4557
74
105
1689
496
330
8473
829
7288
547
902
128128
859
12735
16894
16649
25506
7640
33180
122344
48533
100064
41721
12390
73808
285967
154595
175065
23941
32742
266820
86702
181452
39457
122532
226250
181291
153881
119456
129097
14479
111173
34481
170245
24901
193757
595
6381
4745
2611
4307
231
47957
5424
7590
1234
179
823
4061
3194
7554
3563
18029
1745
8485
1170
10990
1802
40588
18083
7888
62530
2265
3722
13121
2344
383
14263
99474
6048
355374
47010
11879
16149
23087
16636
8290
18364
20386
10369
9143
81443
267174
9947
9253
7931
9625
10346
1178
9937
17307
703310
3824
12477
14807
225746
7977
396504
603040
46029
41567
138894
29025
84684
5587
21143
12975
24953
569038
40969
90997
75802
19361
68471
42465
5345
3903
6914
15790
381021
15489
9634
33619
57970
17642
11565
17456
312371
5073
4219
38825
4145
1486
5789
4164
2191
9633
5939
7326
33310
96515
13118
52162
10245
1537
12093
4860
25689
26787
3583
3247
1699
16955
9446
21148
84469
4195
9936
22636
6713
8767
144688
16089
113033
15879
40959
2546
905
14565
3832
173086
15545
22093
13144
27211
7097
11804
1046
33888
9591
41257
2197
12143
13605
13274
5832
6230
4901
5911
378107
1867
4327
20779
25947
66138
6069
24266
63594
2713
9832
11723
2492
8465
47252
4518
15618
8754
19020
15992
23114
9135
10966
7186
8129
5286
8721
2780
8444
758
48725
12431
393336
6400
3396
17122
24215
7511
20754
3763
3688
258
1820
822
72
821
228
137
14348
40311
474
608
265
342
383
237
373
137
12880
207
308
196
221
527
128
564
261
814
1230
704
3872
1256
586
129
786
497
1639
945
220
2510
2482
738
104
804
44
2499
392
2676
317
1493
1333
7293
442
2169
2156
14149
6541
16497
14772
4651
9138
4380
69613
3251
5062
24076
34092
4697
13359
4125
4916
416176
4731
5981
57735
17493
31224
2975
409144
6664
2990
21201
34798
4577
246266
11757
3062
1768
4062
3799
3880
1994
7759
3311
10018
8589
55514
7489
33055
5055
75667
115411
5698
57641
8269
39800
2492
4030
15663
1605
135064
1725
4048
11971
1170
9008
2213
4098
7304
3110
35661
4493
3195
17640
10557
10596
9080
8266
4465
75904
151668
44519
12889
11141
3067
1331
46069
9243
16660
4842
30617
2733
1387
232
765
190
1048
688
3323
2670
16742
4470
6027
1082
70
49827
374
13747
393
1217
6577
2369
3472
214
162
4919
1865
4144
280
328
177
136
783
919
1646
319
738
4040
854
699
762
3299
2609
5455
711
3582
1858
2031
320
1100
3581
1156
8027
1003
712
896
141724
4357
6002
2686
1363
10904
3768
4117
7275
668
168
9589
2150
3035
3154
894
597
108996
8464
5790
598
591
1005
2346
35827
139043
12916
13835
14243
3801
6058
65962
19160
324
929
894
8764
59478
4393
18451
10388
792
134366
17385
26512
3260
80872
1371
367249
22917
260
8066
10707
4254
1625
6604
209940
217
27174
18207
430759
8457
38122
4367
92895
17636
8046
204712
37508
21730
634
11212
40055
182372
4678
9673
5502
10532
12924
62245
78983
206423
4522
68286
20444
728
22422
1085
4911
5445
12634
4527
2253
61991
115847
15978
23932
98288
64873
16971
5098
21067
4603
44060
319511
3771
85087
12677
5950
603790
13019
1726
20727
4910
8654
921
6236
4955
7475
7585
6066
45088
9191
72129
4704
88114
18050
49113
29486
165012
44549
4101
32275
2718
27169
4010
4720
43419
45223
3905
121485
6983
6941
7431
8250
8602
15220
6436
33824
4953
7382
31153
15822
103030
12145
5323
59180
7185
12699
18937
10159
5329
49301
2687
8872
6290
6958
10414
27295
13645
132570
2963
52926
27379
4935
10289
59008
317
2107
466
721
6110
6538
673
352
939
117
1177
437
3083
3837
622
1522
2648
1052
609
1131
216
417
1053
198
1056
455
105
647
373
557
49
2953
762
136
359
270
90
819
2068
4537
11981
525
769
222
858
3285
298
320
40482
1179
2829
20606
239
227
1828
257
998
421
185
1963
495
1139
2725
565
4016
481
11741
4453
1529
971
17932
9851
2441
1261
2559
4529
5514
1412
2202
735
2533
5705
1382
6728
199703
904
1750
6106
3158
7027
1214
4864
5771
3298
1467
5199
988
5500
75522
362
4180
1775
4083
4012
2092
3548
2130
871
2017
1135
4654
1246
91422
526
3193
3195
1072
2919
6948
4361
1943
1307
18390
3177
3605
14418
1008
3764
32472
573
1167
2589
2033
615
525
1492
9185
2369
6043
8692
59341
986
1298
8721
246105
1802
1232
17272
27680
6837
1012
1615
1249
544
3924
18638
820
3020
2143
50161
22254
3955
850
9143
2916
446
75
5876
2951
409
2505
15474
183
3288
57014
448452
1911
16
1561
10747
62228
35349
2258
78
1470
2107
1788
5639
6672
2148
734
64063
1394
297
2795
466
3997
4210
310
614
177
178
451
230945
155
2420
24826
853
197
3210
7565
113
241
344
527
438
197
598576
808
1264
403
188695
1494
130
2264
198
2575
983
11367
168
27565
178126
2916
1899
2655
2661
352
438
99
195552
804
1635
2422
576
58842
231
3176
39
877
1948
829
14506
14796
2833
28805
2279
168
641
166
241
3474
918193
7908
195
353
59524
206
7060
128199
2860
1482
5648
3046
2314
2069
371
8906
965
120
331
1033
2954
501
46073
1197
6119
16464
999
1234
18405
6020
65
47
6524
284
8
446
5314
265
4458
840
2144
1052
1333
1750
1072
5785
2213
131
819
2465
4
40017
428
490
36688
53
1088
1339
288
457
3733
8332
6773
197
12329
2496
271
397
1097
74377
1062
1669
46
9000
5101
1173
1162
60925
302
81
6357
2178
2057
13017
488
1382
5387
9921
1463
842
12802
172
320
1246
1395
1108
17
2374
16412
552
4629
669
980
2337
8988
287
211
818
130
2068
91
29615
768
9123
397
51
116
322
478
411567
14588
119
757
82
2856
12239
435860
1323
1403
2877
170
4073
6771
3516
10380
7884
8191
764
4261
41820
4694
168
13161
956
3108
143795
6350
358
4973
3509
420
1034
1826
2864
357
4473
16650
2392
111
57411
843
572
514
2806
4892
645
1083
624
1086
86
180
289906
3113
1794
1084
15244
8943
1663
76033
6187
20530
365
40695
14967
12705
9011
74961
1405
13611
2905
10240
10304
7147
18230
25191
18767
23376
7578
42466
2243
2411
5672
2418
105344
10840
646
12176
532
5700
4552
1587
3471
8070
7657
2842
2624
2317
106935
3920
587
10617
2227
1503
6224
3038
419943
17565
3004
7414
8381
17207
2156
6964
6685
1535
4163
2627
7666
25307
116572
9127
417
9399
25553
1590
5404
3260
3368
1489
138372
8269
2418
2698
1825
6803
2491
23218
4327
4621
3667
3252
2971
7995
3007
1954
10115
5320
4973
7103
142863
4925
2096
1513
21801
4086
12644
2373
1692
6836
3008
3969
34307
40245
2397
2827
3205
6603
6617
4501
3110
3143
17683
66240
2313
825
20696
66377
2972
964
11710
1612
9174
7146
2525
8517
777
46220
11022
5430
1791
18048
10356
3992
3766
53099
64440
464
12389
2054
30948
3358
92175
26773
5148
6981
28676
117393
4961
4790
6610
1814
4250
38706
19349
24721
140324
668
23938
7811
1486
13340
366
11819
17354
29213
17204
907310
90277
11421
5959
14520
1713
17269
8900
6794
2593
249506
9725
38252
3192
256728
135765
7839
96608
1165
13690
83660
11184
43179
1457
17186
2041
1457
2947
14994
568
641
435
5063
599
607
4655
1939
3790
1381
9215
3207
12127
34344
1538
1711
2333
1333
8901
3455
2526
5556
2660
1397
20282
1345
1998
2226
7223
820
699
1047
3163
7878
7982
3362
586
1455
1448
1796
938
631
2256
4088
610
1539
466
10926
1157
4329
4801
9194
6147
65511
2860
3569
12116
13983
4524
16410
3953
260185
16356
10044
13218
9897
31620
781
20588
1721
10998
10851
3344
7828
1533
4256
19904
4746
42193
3976
37846
3647
3704
6261
16818
30808
7366
3239
1303
317270
8433
6715
10105
47667
26517
1489
9796
9370
20428
3032
50159
3995
46658
2517
23190
18108
4498
7131
27101
2693
6285
7457
5903
22789
3867
26650
103906
9703
4388
44060
16365
9092
788
1935
1427
861
378
5519
1203
482
897
15217
1509
8530
155
3410
890
4043
882
3823
9848
1591
651
360
