7503
24578
4816
1986
2640
3446
3965
15216
6365
1624
3073
3127
5755
1267
675
5076
8343
2966
1796
2721
1700
4478
5170
12230
4281
10367
4918
11567
1395
2086
1595
3884
4663
2606
12917
3717
181688
978
11915
3562
27860
13672
4972
7108
87286
5488
1463
5943
79474
4455
64529
13234
3860
4022
5636
2203
11228
33268
7744
4648
13138
5859
37765
4834
2258
4048
974
3477
2727
3130
2957
2666
4261
2622
4274
4136
4681
3118
2104
4881
5414
4553
3810
4736
4600
4558
4844
6264
2985
1903
2638
5037
3506
7535
5763
5011
3796
2560
3202
3580
5345
2318
4204
3272
2215
1953
2769
373
16460
6539
294
21563
1495
674
39430
4963
305
7481
1400
62
2944
1055
35
996
184
2
1508
542
186
978457
59513
2804
21783
2943
105
16867
6425
91
282457
15246
7278
65042
9812
252
10859
2205
74
46865
2665
72
28134
3570
506
172
1419
224
3
347
1309
462
7
1236
2950
449
0
9176
28508
4565
0
584
1988
489
3
162
759
290
3
39
300
128
12
1247
2315
420
41
375
1061
824
0
515
2413
485
25
128
141
684
9
383
1147
432
26
84
377
184
6
392
1971
418
33
554
1547
514
0
1861
7574
2450
36
1050
3082
806
21
538
6212
1595
169
222
1206
331
13
62
650
249
2
215
1299
494
8
317
1650
459
0
2479
13799
1989
80
200
871
227
2
181
642
208
4
3062
9612
1287
84
238
777
253
0
473
2144
428
13
282
1402
454
0
539
2142
372
29
158
1003
179
0
418
1899
489
0
200
614
205
2
133
952
277
3
1507
9418
3957
99
384
1377
503
19
143
499
180
17
162
661
257
0
229
885
309
0
142
446
443
1
132
904
190
0
248
952
344
0
927
4943
807
9
404
786
373
0
346
855
269
61
367
3123
755
0
337
3379
824
18
77
654
414
2
163
446
122
0
148
627
301
0
127
365
213
4
672
2691
478
154
123
661
222
6
402
2376
783
62
93
437
113
1
144
706
538
36
263
799
180
4
1009
4048
715
0
62
380
204
8
17172
67553
16357
865
193
807
213
2
2494
11704
1862
0
76
288
119
0
115
345
127
1
2230
9978
2279
0
142
672
295
7
283
896
216
3
419
2335
850
0
232
706
242
0
801
3088
1670
25
361
992
213
27
8817
28415
6592
0
969
3690
1319
0
60
475
314
7
136
868
271
9
617659
476
8153
50426
10046
3239
416386
4677
51621
193025
3995
44768
34678
4634
133366
18699
14941
2799
3028885
23168
128288
4088
28782
48991
1150
4013
113953
49817
36359
814009
106869
4561
528340
440808
17628
455859
964650
378156
161137
88310
291496
129963
617967
114246
30000
730
9593
131639
199938
105841
17367
8911
2851
66105
11978
251388
67598
11230
134202
3759
213607
3738
317
732
159089
29077
7160
131
3604
1959
1311
437
1112
5887
313293
341
104653
18588
161941
4490
7369
15427
2223
4710
7132
255
2076
175
218396
98
662
20548
2303
126120
3497
470
2218
31536
317
1203
5836
7687
3876
3605
2365
4903
486
8989
1458
43772
561
2495
10582
1884
342
3924
301
12631
5278
369
66060
785
297505
283368
50164
56848
242630
79459
44151
26706
44552
195034
56682
317323
89704
2037
25614
3160
148549
618752
1209
42273
27092
38317
77621
8914
4259
1365
252556
70929
28161
2120
16153
1700
1385
1985
1963
2298
4929
37519
16938
376367
924
37844
6766
3897
510
83505
157695
103517
6205
694
3747
90166
74858
36893
617864
21881
15564
34248
4390
395014
97297
433572
119073
277450
145049
10527
27612
120110
132528
63850
84137
29341
4485
2299
1053
130575
5351
10338
2347
587
855
334
3
130
445
250
0
196
288
140
1
234
269
149
0
3000
4612
1527
1
344
435
150
3
3583
5150
1717
3
4486
5423
2175
8
714
1342
336
0
367
568
333
1
14264
20384
8704
116
428
588
295
0
204
349
145
1
1115
1149
522
4
2105
3794
838
2
3530
5263
2415
35
1867
1852
1490
0
973
1924
376
1
436
463
361
0
2777
4021
1166
3
376
699
193
1
4634
8582
3007
15
2130
3823
976
3
294
576
233
0
29037
31085
17952
180
166
350
150
1
649
837
366
2
17261
18929
6598
6
14329
16357
5323
39
296
329
165
0
27109
51347
16580
440
156
356
235
0
95513
95387
30599
347
995
2411
1100
5
1199
1877
1108
3
9546
14648
5009
33
512
1008
538
1
9288
9578
5330
14
524
827
263
1
886
1527
571
2
377
640
243
1
1051
1181
254
0
1472
2512
788
8
110666
162718
33634
1209
580
1040
550
1
476
951
482
2
8052
9124
7317
84
13998
22804
5963
44
684
1107
646
0
32
102
33
0
2333
3623
1752
12
1082
1268
529
0
808
1234
842
0
347
741
236
0
1159
1028
384
0
11152
18443
3400
70
3976
5820
2154
58
15682
23125
3375
21
598
647
348
0
115788
224688
38143
2525
1270
1209
453
0
53
62
40
0
5735
7969
2153
22
1464
1916
1003
1
1112
1861
635
11
1532
1965
583
8
81502
124125
35793
407
1315
1733
511
4
9215
11951
3847
18
1223
1135
624
3
671
746
375
0
2067
2106
1278
6
1128
1467
560
2
296
343
184
1
20858
44156
8191
71
11867
13970
6349
46
257
523
227
1
2797
3791
1053
1
680
785
294
2
273
507
248
0
1274
1723
1056
8
416
557
292
1
420
593
209
0
1689
2356
841
2
936
1204
472
3
298
517
204
0
2735
3451
1884
3
1243
2418
895
2
4301
7129
1666
3
628
540
265
2
500
1148
379
6
5929
11017
2892
279
1245
1549
332
0
706
1459
692
0
1192
1478
740
1
471
620
220
0
1522
2046
600
0
853
1317
442
0
1489
1604
1189
5
221
354
174
0
1499
1673
818
5
1372
2320
690
2
310
419
250
0
1042
1815
496
2
679
1093
530
0
17690
25227
6579
33
10471
12556
6745
22
2993
4444
723
2
868
1150
417
1
10525
15376
3763
40
1741
3364
809
6
1119
1044
645
0
368
610
122
0
523
695
285
2
1088
1957
607
6
337
715
165
0
1478
1500
470
0
137
196
163
1
888
897
199
0
464
802
402
3
21348
25780
11843
153
9429
18248
3543
24
157
240
65
0
789
1264
601
7
269
691
294
0
4264
4600
2554
366
806
1288
291
0
378
505
292
7
2023
3150
1139
6
955
618
541
0
237
223
100
1
546
1103
412
0
489
624
272
2
618
545
317
7
839
969
567
1
2412
4819
1473
4
1464
2732
1110
16
1078
1288
569
4
711
720
118
1
303
526
123
0
3459
5276
2809
34
289
788
332
1
736
878
426
4
1303
1198
300
0
1572
1983
646
0
2206
2567
994
2
4254
6272
2145
11
1556
2066
563
26
540
632
297
0
1811
1843
1071
5
736
1489
460
2
227
270
142
0
195
297
197
0
973
1066
372
0
2840
4997
2814
19
212
365
285
0
755
897
504
4
602
942
528
3
820
994
581
0
58731
238866
21225
47305
120539
591
14682
350
977
4124
8919
1204
8310
14254
1220
188
149
25881
431
1464
41
877
603
2601
657
998
1803
1256
1561
1661
1893
24312
10236
1032
349
414
2666
1550
6686
249
816
2161
865
1693
3318
9391
2976
1073
8633
1114
2288
10542
486
6669
677
2748
1615
57067
4335
1993
1129
4493
8067
1725973
2202
1142
2191
24643
2335
281222
1887
488
3716
1826
1754
4760
6503
622
1349
9626
824
2315
449
1187
9797
2908
11181
1007
4608
2961
5109
1281
130166
20271
33168
10703
204032
22442
1419
6407
4615
3840
19847
7365
57836
4524
2005
1985
1725
4992
78154
43933
2022
3280
6569
3905
5076
1662
9428
43578
2612
3329
1484
433
891
1338
3592
1830
36691
2789
48917
1068
572
2504
68325
815
9055
24819
2579
10323
1253
3090
1641
1187
1517
12253
183915
10206
64056
6160
3236
73189
12934
1009
1376
15244
3036
2224
4304
23093
2552
3361
1355
2169
5446
2439
4966
20474
6292
26108
2237
17511
1629
2137
2280
4023
8015
3389
88390
12895
5343
32604
5544
13303
4255
4302
3798
1926
4731
2523
24736
4067
8364
2355
124870
22427
4961
19524
247772
5712
1011
3235
39861
4213
7781
1509
4660
668
2224
2420
1503
3203
1415
39746
3811
1463
3946
2513
2774
1754
2701
5023
3213
59896
2650
4513
2153
964
35017
1834
736
34415
2145
18123
3494
974
11923
2784
9524
2928
3032
4234
823
375
437
153
2068
508
1348
543
808
263
3218
1942
26451
9196
4982
1321
4497
1461
2962
1207
2132
829
1696
728
1022
448
2654
800
1640
561
3181
1156
8104
2837
1530
406
1845
388
1130
336
2173
489
2395
945
8771
2041
1620
600
20035
6844
776
237
753
367
2143
1014
7024
1869
3024
637
20687
4970
1148
372
2789
1046
2391
781
1057
569
761
319
1454
315
1429
777
1430
555
2152
691
1145
538
2157
819
1671
769
2591
684
1285
487
1071
371
625
292
2611
936
3080
949
5741
1996
3793
526
48664
10513
3145
1068
951
463
2111
585
5106
1435
55470
15404
1183
543
955
329
756
311
2346
788
2283
611
4478
1700
6207
1969
1876
632
1603
450
948
459
844
234
1146
437
6687
2685
1124
445
370
231
1542
544
1122
397
2510
984
700
233
100944
45306
14062
4513
3489
817
571
138
948
441
37826
9100
1541
418
1941
1078
21595
7580
2082
1495
473
273
1581
480
546
329
4383
1438
9463
3111
3547
1014
544
183
4942
1671
1484
651
4862
755
13797
4907
1030
566
1390
606
1570
782
2359
291
2340
1541
1104
9181
345
212
2194
224
143
894
920
964
126
4273
6179
218
2060
686
40785
271
195
3737
648
4325
2947
3690
3983
166
228
518
341
78
569
141
461
6747
268
154
1881
3194
212
184259
267
752
156
2655
115
13886
266
896
186
6055
1516
1259
4134
263
5247
558
3228
729
150
927
1796
149
364
2136
281
506
643
318
3313
933
214
8886
424
965
12765
339
295
600
8214
299
95870
1833
43015
147
396
336
357
148
237
2591
625
242
964
44
475
149
723
294
36788
1392
1642
3347
825
5127
1573
1789
20897
3296
7083
5298
800
1301
2350
10551
1079
1433
5794
19373
463
1116
2642
918
8296
6004
831
603
731
508
17283
1227
712
1355
90566
1474
3884
12650
791
822
1830
2205
3559
2400
920
4873
1351
18101
1494
2400
1908
7639
2142
458
5439
605
228288
8567
1608
32265
1412
2114
1504
4474
1238
459
446
1799
823
2254
939
3094
1092
15580
1213
2722
4071
403
2362
11190
725
1074
3632
750
3033
975
657
3630
1172
3544
7188
955
2404
14504
1098
216
1322
2350
4862
1367
5664
253
1134
3880
1329
10564
8076
2681
2530
2961
1202
1791
1012
1529
22477
1644
1700
1412
2552
839
6530
5443
2108
20399
3833
4979
2542
3067
15662
55110
25982
745
324
1269
2731
3177
5457
115577
1900
4280
4158
2658
1157
11027
8514
2143
84477
3208
638
39685
8672
7559
9249
2654
4946
6896
147854
25913
3414
4683
19475
1644
3225
1731
6151
9800
3346
6510
13582
17372
8439
8055
37746
18887
1329
11198
2654
5009
2898
5970
6172
6200
710
2298
1543
27617
13956
128759
8069
19369
34902
15110
12684
14755
37713
3517
13528
10199
12345
6761
71189
2048
2876
1839
1888
507
39496
68916
43825
13405
7181
81534
78059
63878
23728
11210
29353
92866
49591
22896
12554
5144
9117
4956
3064
306
1327
959
1819
794
196
7163
15591
8898
4648
156
3834
4912
4408
3156
499
23831
9246
21333
5358
2403
1345
1744
2398
1153
217
13267
33787
20063
8302
2256
543
1204
1167
202
165
17926
14464
22216
6701
1788
27425
54712
35872
7878
3546
1493
1403
1736
524
173
139352
160521
83156
21626
14914
50813
168777
109223
28996
21399
2241
3306
3885
859
418
430
958
1581
773
499
5176
8337
5887
3193
545
1719
4552
3684
810
297
3621
10432
5520
5470
1001
3482
6311
7382
3220
1659
4097
2137
3638
2123
565
91994
51705
153377
9914
267198
30030
125948
63362
617196
5241
273312
173630
270522
248773
2142
2053
24449
6000
5960
2774
1478
11797
26151
5480
37438
6159
28877
9130
6939
5437
6648
5199
21968
2672
7606
4744
31299
9662
119390
4524
3570
28683
6693
5883
7750
5490
94212
10901
5373
2493
14072
31995
83686
3002
187915
672
2288
16367
8795
20918
48220
842
2632
223952
6107
20465
6802
7375
4316
20493
1967
32975
9703
1628
45643
7873
434148
4944
3475
1391
3214
1342
4743
64705
2911
5166
51088
5966
1589
15347
31363
9262
8712
16803
157136
597170
5838
3607
100893
6589
11426
7280
1053
18330
4753
10098
30774
6342
2226
11806
16357
1260
2496
1834
13726
146155
4079
7868
2531
4551
6889
11806
1300
532623
4853
4462
7138
10786
1745
2774
8440
1006
2659
1446
3647
671
5672
937
4634
1112
1295
3305
6413
3867
4404
4367
8899
1449
9622
2933
1404
49491
11958
2568
5419
1306
5439
2477
211620
691
2355
2496
17402
1556
2188
67704
40040
18065
2417
31879
7917
1922
1784
3286
661
4696
2023
3496
89165
1987
1026
13333
28430
1688
7917
2782
2620
3542
1679
8904
1902
1729
3810
1185
3772
2838
5844
6020
6470
3416
28265
13755
1480
1218
966
4734
4504
27728
73550
6588
3016
355
1249
17375
4341
3327
3599
8517
2887
10070
7340
12960
2260
3897
12189
7648
5040
13087
24440
3787
8057
5874
2121
3260
3075
4040
10299
7403
4148
1362
8646
2614
2153
2150
18847
4330
1465
4037
1791
1802
6781
3105
4183
1937
1059
2580
2160
2835
10442
12503
3624
1043
2749
4040
2785
5496
3710
2351
564
2704
2948
844
1672
2180
750
50064
13445
3301
897
5870
5652
10760
786
418
19052
1145
916
11131
678
59400
2896
12694
2249
2113
656
1380
746
930
1056
1016
2200
14569
1601
613
55068
799
597
2619
1056
338
1413
3218
945
92182
13549
37523
6974
107660
340
2780
4472
3214
984
6607
1275
1410
1662
1019
814
3202
1439
222
2038
1178
1308
936
1208
1924
1748
5818
2853
823
1037
752
1560
1664
4783
5637
1717
27179
2885
3740
361
1205
2485
3109
529
833
2904
373
388
3753
706
592
89530
988
7044
110089
328151
2713
1819
3506
478
5339
1716
1903
4769
1804
845
3573
215
1168
1608
2491
1589
835
2421
74
15456
991
1514
195
962
2562
172
1496
20274
37044
41
3610
78
638
2981
2625
275
6916
19743
249
2835
1771
155
258
686
43357
413
5280
39
416
903
154
752
126
8763
875
1910
1199
1820
574
10392
1156
549
1007
467
78
1030
225
77
30679
4213
452
21
43
35
499
1051
135
191
6350
1063
873
4737
725
226
373
855
632
1025
870
786
2744
1082
2497
141
651
5544
150350
105
693
276
189
399
3385
161
133
215
20
229
7681
1118
282
34
175
686
59
648
1016
647
701
763
49
268
905
82293
3692
38
75
3478
17
743
386
359
921
409
2490
322
199
752
480
3260
530
811
996
84
1986
41206
3331
4196
2438
340
343
72
532
624
45
1122
412
3554
1022
335
59
1630
12735
3048
521777
11570
4555
72
104
1689
496
330
8472
824
7287
547
900
128052
856
16894
16649
25522
7640
33180
122344
48533
100064
41721
12390
73808
285967
154595
175065
23941
32742
266820
86702
181452
39457
122532
226250
181291
153881
119456
129097
14479
111173
34481
170245
24901
193757
595
6381
4745
2611
4307
231
47957
5424
7590
1234
179
823
4061
3194
7554
3563
18029
1745
8485
1170
10990
1802
18083
7888
40588
62530
2265
3722
13121
2344
383
14263
99474
6048
355374
47010
11879
16149
23087
16636
8290
18364
20386
10369
9143
81443
267174
9947
9253
7931
9625
10346
1178
9937
17307
703310
3824
12477
14807
225746
7977
396504
603040
46029
41567
138894
29025
84684
5587
21143
12975
24953
569038
40969
90997
75802
68471
42465
5345
3903
6914
19361
15790
368000
15489
9634
33619
57970
17642
11565
17456
312371
5073
4219
10159
5264
23256
146
903
493
2741
8
375
167
941
3
593
1118
4067
11
1126
698
2336
4
489
481
1215
6
1910
1365
6341
17
612
856
4443
28
792
1078
5438
18
11759
2194
19242
115
29257
7081
60067
110
3032
1666
8409
11
14166
6115
31706
175
2497
1259
6455
34
272
205
1057
3
3020
1299
7759
15
794
917
3136
13
5977
3551
16118
43
9750
1304
15716
17
1041
636
1905
1
556
371
2311
9
437
204
1056
2
3082
2298
11526
49
1213
1666
6518
49
5930
2356
12812
50
16902
10365
56911
291
795
1002
2391
7
2635
1191
6105
5
6173
4494
11915
54
1681
828
4187
17
1185
1481
6067
34
41458
9139
93803
288
1810
2392
11837
50
30567
12182
69785
499
3086
1768
11006
19
9579
4885
26377
118
348
375
1819
4
148
167
587
3
2891
1611
10033
30
632
578
2614
8
36466
20869
115511
240
1560
2656
11242
87
5117
2683
14200
93
4158
1502
7473
11
10473
2720
14009
9
822
1062
5207
6
1955
1552
8277
20
146
355
541
4
10057
4187
19608
36
2019
968
6575
29
10162
4667
26338
90
238
507
1442
10
2623
1408
8096
16
2165
1647
9749
44
3435
1420
8404
15
2086
741
3398
5
1223
529
3140
9
753
1038
4101
19
1473
970
3382
7
103048
34817
239644
598
457
176
1227
7
592
978
2743
14
6797
2241
11700
41
3788
3514
18516
129
19564
6426
39962
186
705
1046
4307
11
5770
3079
15265
152
23097
3703
36764
30
717
371
1622
3
1760
1043
6951
78
2605
1317
7772
29
377
333
1777
5
1472
1056
5919
18
8379
5862
32669
342
1707
475
2329
7
3784
2545
9266
23
1115
1576
6021
42
2226
3625
12952
217
2560
2322
11033
77
5581
3752
13734
47
2208
1458
5412
57
1458
1570
7907
31
1011
1091
5059
25
1779
1345
4961
44
1215
1028
3035
8
2506
1144
5056
15
460
457
1856
7
2848
679
4911
6
57
241
460
0
12261
5232
31096
136
1745
1819
8860
7
132794
35416
224040
1086
975
851
4552
22
457
550
2384
5
3936
1349
11792
45
4379
3030
16734
72
2018
1411
4071
11
3032
3432
14255
35
994
822
1947
0
977
410
2296
5
258
1820
822
72
821
228
137
14348
40311
474
608
265
342
383
237
373
137
12880
207
308
196
221
527
128
564
261
814
1230
704
3872
1256
586
129
786
497
1639
945
220
2510
2482
738
104
804
44
2499
392
2676
317
1493
1333
7293
442
2169
2156
14149
6541
16497
14772
4651
9138
4380
69613
3251
5062
24076
34092
4697
13359
4125
4916
416176
4731
5981
57735
17493
31224
2975
409144
6664
2990
21201
34798
4577
246266
11757
3062
1768
4062
3799
3880
1994
7759
3311
10018
8589
55514
7489
33055
5055
75667
115411
5698
57641
8269
39800
2492
4030
15663
1605
135064
1725
4048
11971
1170
9008
2213
4098
7304
3110
35661
4493
3195
17640
10557
10596
9080
8266
4465
75904
151668
44519
12889
11141
3067
1331
46069
9243
16660
4842
30617
2733
197
205
985
40
51
141
114
197
454
35
42
113
207
196
645
84
104
500
763
466
2094
312
334
2024
6266
917
9559
886
768
2816
1337
993
3697
119
279
684
11
13
46
20080
6339
23408
34
100
240
3967
1790
7990
54
93
246
180
263
774
1719
647
4211
509
323
1537
952
462
2058
25
14
175
28
22
112
1247
719
2953
308
295
1262
1140
525
2479
37
63
180
31
90
207
13
49
115
20
25
91
129
172
482
99
158
662
292
343
1011
31
50
238
82
167
489
824
533
2683
151
161
542
97
150
452
128
167
467
552
545
2202
516
386
1707
1792
792
2871
68
185
458
69
84
167
184
202
714
605
510
2466
945
417
2220
257
326
1275
348
316
1367
200
365
591
1679
1663
4685
170
201
632
79
168
465
147
163
586
55118
9860
76746
718
812
2827
1795
978
3229
522
538
1626
290
170
903
3053
2180
5671
592
603
2573
899
1005
2213
2431
1058
3786
92
181
395
21
29
118
2969
1627
4993
452
366
1332
592
307
2136
713
568
1873
114
212
568
65
129
403
38042
7364
63590
2254
1629
4581
1736
928
3126
100
101
397
120
238
233
199
317
489
2346
35827
139043
12916
13835
14243
3801
6058
65962
19160
324
929
894
8764
59478
4393
18451
10388
792
134366
17385
26512
3260
80872
1371
367249
22917
260
8066
10707
4254
1625
6604
209940
217
27174
18207
429065
8457
38122
4367
92895
17636
8046
204712
37508
21730
634
11212
40055
182372
4678
9673
5502
10532
12924
62245
78983
206423
4522
68286
20444
728
22422
1085
4911
5445
12634
4527
2253
61991
115847
15978
23932
98288
64873
16971
5098
21067
4603
44060
319511
3771
85087
12677
5950
603790
13019
1726
20727
4910
8654
921
6236
4955
7475
7585
6066
45088
9191
72129
4704
88114
18050
1276
49113
29486
165012
44549
755
1205
0
12
2129
0
6392
11888
28
8
13953
6
406
720
0
0
1588
4
7057
13771
35
66
6195
45
814
1431
0
5
1760
0
704
1746
10
0
2257
3
13713
13221
63
33
16236
153
11629
15464
16
23
18021
70
784
1226
16
2
1877
0
39335
25649
92
164
56016
229
649
2976
29
0
3327
2
855
2467
1
0
3618
0
938
3002
0
0
3487
4
1893
2101
3
0
4253
0
1708
2894
0
3
3969
28
2477
4673
0
2
8049
19
1396
2858
0
0
2181
1
8282
10325
1
23
15137
56
920
1805
0
0
2228
0
1206
2744
5
5
3414
8
3784
10715
0
4
16637
13
4025
5373
0
13
6391
20
26879
48733
166
310
26864
78
2191
4729
68
21
5102
34
1345
1961
4
0
2002
11
18146
18177
50
0
22694
113
1668
2781
5
0
2714
17
2521
3868
0
2
6304
4
4187
5949
11
28
8683
79
1414
4929
15
7
3783
11
581
2095
0
0
2653
0
12575
22664
26
70
13942
24
1829
2887
4
2
4126
24
999
1433
5
0
3840
13
584
645
4
0
1452
2
1026
2803
0
23
3103
3
3080
3628
0
3
3688
15
6731
8186
19
9
12317
33
2770
5232
16
7
5607
13
32842
32514
53
86
66972
103
412
1252
0
0
1285
14
10991
21813
113
75
19862
72
5418
7559
0
21
14331
50
403
2365
39
0
2127
1
1587
3293
0
0
5402
7
13656
22075
18
176
22950
133
317
2107
466
721
6110
6538
673
352
939
117
1177
437
3083
3837
622
1522
2648
1052
609
1131
216
417
1053
198
1056
455
105
647
373
557
49
2953
762
136
359
270
90
819
2068
4537
11981
525
858
769
222
3285
298
320
40482
1179
2829
20606
239
227
1828
257
998
421
185
1963
495
1139
2725
565
4016
481
11741
4453
1529
971
17932
9851
2441
1261
2559
4529
5514
1412
2202
735
2533
5705
1382
6728
199703
904
1750
6106
3158
7027
1214
4864
5771
3298
1467
5199
988
5500
75522
362
4180
1775
4083
4012
2092
3548
2130
871
2017
1135
4654
1246
91422
526
3193
3195
1072
2919
6948
1307
18390
3177
3605
14418
4361
1943
1008
3764
32472
573
1167
2589
2033
615
525
1492
9185
2369
6043
8692
59341
986
1298
8721
246105
1802
1232
17272
27680
6837
1012
1615
1249
544
3924
18638
820
3020
2143
50161
22254
3955
850
9143
2916
446
75
5876
2951
409
2505
15474
183
3288
57014
448452
1911
16
1561
10747
62228
35349
2258
78
1470
2107
1788
5639
6672
2148
734
64063
1394
297
2795
466
3997
4210
310
614
177
178
451
230945
155
2420
24826
853
197
3210
7565
113
241
344
527
438
197
598576
808
1264
403
188695
1494
130
2264
198
2575
983
11367
168
178126
27565
2916
1899
2655
2661
352
438
99
195552
804
1635
2422
576
58842
231
3176
39
877
1948
829
14506
14796
2833
28805
2279
168
641
166
241
3474
918193
7908
195
353
59524
206
7060
128199
2860
1482
5648
3046
2314
2069
371
8906
965
120
331
1033
2954
501
46073
1197
6119
16464
999
1234
18405
6020
65
47
6524
284
8
446
5314
265
1052
4458
840
2144
1333
1750
1072
5785
2213
131
819
2465
4
40017
428
1088
1339
288
457
3733
8332
490
36688
53
6773
197
12329
2496
271
397
1097
74377
1062
1669
46
9000
5101
1173
1162
60925
302
81
6357
2178
2057
13017
488
1382
5387
9921
1463
842
12802
172
320
1246
1395
1108
17
2374
16412
552
4629
669
980
2337
8988
287
211
818
130
2068
91
29615
768
9123
397
51
116
322
478
411567
14588
119
757
82
2856
12239
435860
1323
1403
2877
170
4073
6771
3516
10380
7884
8191
764
4261
41820
4694
168
13161
956
3108
143795
6350
358
4973
3509
420
1034
1826
2864
0
0
0
357
0
0
0
4473
0
0
0
16650
0
0
0
2392
0
0
0
111
0
0
0
57411
0
0
0
843
0
0
0
572
0
0
0
514
0
0
0
2806
0
0
0
4892
0
0
0
645
0
0
0
1083
0
0
0
624
0
0
0
1086
0
0
0
86
0
0
0
180
7625
10705
271576
0
0
0
3113
0
0
0
1794
0
0
0
1084
0
0
0
15244
0
0
0
8943
0
0
0
1663
0
0
0
76033
0
0
0
6187
0
0
0
20530
0
0
0
365
0
0
0
40695
15089
11858
8529
72938
1890
13612
3346
10773
8351
7757
18746
25101
20057
24779
5495
2072
11
33416
8716
334
55940
9973
327
1250
993
0
1719
673
19
3871
1746
55
1565
850
3
91963
13081
300
7874
2911
55
358
288
0
8705
3346
125
313
218
1
4231
1455
14
1746
554
13
2807
1745
0
768
815
4
2285
1181
5
637
188
0
5536
2534
0
4957
2648
52
1740
1078
24
2024
592
8
1532
785
0
16289
4294
113
53788
12268
321
85505
21006
424
3121
791
8
2095
870
7
578
386
0
313
273
1
8016
2543
58
1422
803
2
7555
4060
95
1030
473
0
4265
1944
15
796
816
0
2131
899
8
321219
96479
2245
7610
1510
54
6481
648
17
14131
3341
93
2524
466
14
6083
1290
41
5368
2979
34
1615
890
20
13101
3944
162
6529
1930
58
537
240
0
1443
713
0
4993
1943
28
5260
1410
15
987
544
4
3343
809
11
1353
1274
0
5551
2097
18
35251
10634
335
19046
6148
113
8254
2701
67
81563
34294
715
6395
2665
67
233
184
0
3388
1975
67
6891
2455
53
21882
3524
147
984
601
5
4376
1014
14
2054
1174
32
2478
887
3
761
724
4
1574
211
6
109335
28492
545
6092
2135
42
1495
911
12
11985
5947
116
1911
779
8
8007
2286
63
3137
834
21
2624
1125
17
1561
262
2
4150
2617
36
1788
696
7
18499
4654
65
3204
1117
6
3143
1451
27
35999
16655
445
45563
18270
607
2814
840
13
2467
773
12
463
1
1945
1026
0
5510
2453
32
2149
833
25
1197
753
4
8421
3891
77
6414
3640
61
1635
416
3
19680
10964
304
3781
1528
11
3048
1897
28
5101
2002
0
114350
27596
917
3526
1367
32
2324
1018
16
1470
609
17
1083
430
0
63694
27809
672
17550
4196
55
19780
6501
492
2836
1232
18
8527
4070
47
1375
991
7
4211
932
5
978
707
7
4729
2052
55
1694
1314
0
2341
1607
21
26829
7474
4
30218
9810
217
5813
1158
10
20922
7557
197
1722
674
1
1470
1357
0
2219
972
14
81003
35431
959
4959
1605
39
5122
1480
15
3799
1133
29
3086
1375
40
4035
721
34
5093
1466
51
2172
926
12
2065
1078
0
14654
2913
116
1814
4250
38706
19349
24721
140324
668
23938
7811
1486
13340
366
11819
17354
29213
17204
907310
90277
11421
5959
14520
1713
17269
8900
6794
2593
249506
9725
38252
3192
256728
135765
7839
96608
1165
13690
83660
11184
43179
1457
17186
2041
1457
2947
14994
568
641
435
5063
599
607
4655
1939
3790
1381
9215
3207
12127
34344
1538
1711
2333
8901
3455
2526
1333
5556
2660
1397
20282
1345
1998
2226
7223
820
699
1047
3163
7878
7982
3362
586
1455
1448
1796
938
631
2256
4088
610
1539
466
10926
1157
4329
4801
9194
6147
65511
2860
3569
12116
13983
4524
16410
3953
260185
16356
10044
13218
9897
31620
781
20588
1721
10998
10851
3344
7828
1533
4256
19904
4746
42193
3976
37846
3647
3704
6261
16818
30808
7366
3239
1303
317270
8433
6715
10105
47667
26517
1489
9796
9370
20428
3032
50159
3995
46658
2517
18108
4498
7131
27101
23190
2693
6285
7457
5903
22789
3867
26650
103906
9703
4388
44060
16365
9092
788
1935
1427
861
378
5519
1203
482
897
15217
1509
8530
155
3410
890
4043
882
3823
9848
1591
651
360
