216
286
269
288
308
356
197
210
184
157
110
287
153
203
200
170
222
201
207
228
219
190
316
270
250
238
197
279
170
245
86
105
123
323
94
259
266
272
241
301
1
311
122
4
931
166
56
1133
368
21
279
62
1
145
63
4
51
16
3
51
28
14
27885
3716
104
925
358
19
509
213
5
6477
828
353
2192
588
11
180
43
1
1762
324
6
915
189
33
1
37
8
0
1
14
10
0
10
128
45
0
202
1305
465
0
4
85
64
0
3
23
7
0
0
12
4
0
11
48
40
1
0
13
4
0
3
54
21
1
2
21
30
0
4
66
35
0
0
14
13
0
6
35
12
0
3
49
26
0
20
257
163
0
13
164
96
1
4
91
17
0
2
34
12
0
1
7
6
0
2
10
6
0
3
15
9
0
28
626
186
0
5
43
18
1
1
23
14
0
39
271
84
2
2
32
22
0
3
138
47
0
3
16
12
0
6
58
29
0
1
15
11
0
4
103
40
0
3
34
18
0
3
20
14
0
5
44
54
3
1
54
40
2
1
5
3
0
3
35
14
0
3
5
0
0
2
10
9
0
5
29
10
0
2
48
38
0
14
308
81
0
4
24
26
0
6
33
23
3
5
62
34
0
1
73
46
0
1
7
4
0
1
18
7
0
2
3
3
0
1
14
8
0
2
65
12
0
2
17
16
0
0
9
6
0
0
29
12
0
0
22
17
1
3
51
29
0
17
170
53
0
0
7
9
0
144
1002
516
6
0
40
15
0
42
408
145
0
2
14
15
0
2
16
12
0
38
541
225
0
3
30
21
1
0
40
12
0
3
17
17
0
0
20
27
0
2
90
89
1
3
27
23
1
148
797
469
0
20
250
125
0
1
5
8
0
0
48
18
0
6295
15
349
1774
359
81
6116
150
1871
4031
128
1132
390
128
3942
604
374
141
35452
621
1536
155
591
941
39
126
1820
914
919
17325
3948
153
9970
9770
345
8791
21386
3299
2929
2408
3554
2416
9131
1704
1277
27
318
2475
3418
2494
521
403
117
1498
439
5069
1206
510
3731
90
5423
120
26
15
2539
772
189
6
113
34
15
22
29
218
4870
5
3715
377
9264
306
397
424
70
174
210
10
71
12
6394
9
34
530
101
4089
86
26
139
1306
3
97
192
285
151
88
46
238
24
94
39
1200
42
66
236
39
7
52
8
353
267
25
2895
52
4593
5039
1280
1210
3661
2256
1277
914
1044
2953
1003
2036
1390
93
1004
110
3178
3114
29
565
548
1286
889
224
52
27
4788
2146
359
27
96
61
21
48
33
40
65
686
223
5665
48
534
116
46
14
1385
2016
1344
131
14
32
1287
1180
448
3329
348
569
1881
66
4685
964
3040
2265
4268
2595
226
1645
1507
2215
1413
768
269
119
52
42
2156
135
336
69
5
26
5
0
3
13
14
0
4
13
8
0
2
2
2
0
38
107
63
0
9
45
20
0
131
307
226
0
148
275
276
2
8
32
18
0
9
25
21
0
174
273
299
3
10
37
20
0
11
21
24
0
9
25
16
0
72
177
108
0
87
175
192
1
14
36
25
0
20
49
22
0
3
2
6
0
95
205
170
0
4
11
14
0
125
357
278
0
78
236
178
2
7
20
17
0
506
519
889
15
9
8
17
1
25
57
50
0
628
899
921
1
243
325
268
3
2
0
5
0
312
397
343
3
2
8
2
0
2320
1952
2157
12
17
67
41
0
20
49
50
0
241
575
514
0
14
36
26
0
304
283
498
3
10
28
21
0
10
33
23
0
12
44
51
0
44
90
62
1
23
46
20
0
1356
1707
1122
19
10
11
34
1
7
18
10
0
70
74
133
3
227
349
259
2
6
15
7
0
3
11
4
0
92
167
233
0
13
23
30
0
7
22
36
1
12
11
12
0
32
35
43
0
232
463
279
2
98
220
199
0
477
1087
415
1
25
47
31
0
1727
3004
1448
96
35
64
64
1
1
4
3
0
105
234
149
1
51
86
107
0
11
18
25
0
19
51
21
0
1679
2186
1742
18
42
126
64
0
305
611
402
4
7
4
10
0
30
40
55
0
62
50
103
0
20
43
43
0
11
19
21
0
310
645
322
2
294
339
422
2
1
17
8
0
116
258
157
0
18
21
22
0
13
17
18
0
6
20
18
0
5
8
15
0
6
13
9
0
18
47
47
1
14
40
40
0
10
25
13
0
38
63
62
0
19
68
62
0
93
136
102
0
10
13
13
0
14
48
33
0
122
249
168
8
48
131
63
0
2
10
10
0
40
77
83
0
6
20
12
0
23
55
40
0
15
19
34
0
17
24
25
0
2
11
7
0
9
7
17
0
27
69
52
0
3
12
12
0
19
53
50
0
22
72
50
0
261
397
305
2
158
129
289
0
76
222
113
0
28
47
26
1
278
550
327
1
12
66
44
1
34
64
135
0
6
29
14
0
20
41
27
0
24
67
58
3
9
18
10
0
34
47
35
0
1
1
3
0
33
49
28
0
2
4
6
0
322
359
428
2
115
189
126
0
3
6
4
0
5
22
24
0
1
3
15
0
53
78
132
12
24
75
33
0
2
3
2
0
18
56
26
0
2
5
9
0
1
2
4
0
10
25
34
0
3
18
13
0
2
9
10
0
12
9
15
0
35
91
65
0
33
88
54
2
16
38
49
0
10
18
17
0
4
10
10
0
60
129
139
0
5
22
6
0
7
8
15
0
23
36
49
0
20
48
28
0
76
173
162
0
111
235
225
0
17
52
46
1
1
9
6
0
14
27
25
0
16
53
35
0
2
1
0
0
1
7
5
0
27
76
80
0
84
162
194
0
2
6
8
0
10
20
16
0
4
10
17
0
10
28
22
0
1027
3437
303
772
5310
34
947
25
58
307
168
67
401
1288
82
11
7
1696
41
121
4
47
17
225
87
88
121
67
118
252
100
1594
608
78
16
21
644
87
296
27
57
166
41
71
109
770
73
57
483
7
158
360
47
209
36
111
50
1507
210
95
88
258
306
17657
119
63
139
783
119
6249
75
31
232
113
100
141
179
18
70
356
41
114
14
49
369
147
311
53
214
202
125
53
2878
804
810
258
4160
675
82
229
244
211
597
350
2169
163
94
78
65
173
2176
1624
95
134
309
204
198
87
389
1309
69
168
110
16
23
33
132
100
959
124
1449
48
31
109
1615
42
328
1175
89
350
78
99
92
90
82
382
3672
420
1719
314
287
3728
872
92
132
905
168
185
333
1108
208
246
106
204
387
273
425
890
432
1241
144
850
200
169
170
321
584
290
3894
1016
323
2052
434
858
408
381
288
169
296
238
1618
282
903
168
3212
968
463
1026
7228
362
104
306
1105
326
862
140
335
353
174
198
110
174
113
1656
214
97
371
243
229
143
134
400
199
1925
174
312
150
55
1832
171
59
1322
151
900
317
96
557
233
571
261
170
453
14
21
12
15
28
43
29
43
15
17
68
118
315
407
84
114
74
111
30
66
24
42
27
41
23
36
30
38
20
41
48
76
83
113
23
25
20
27
12
22
43
58
25
57
150
164
18
24
320
424
10
20
9
20
33
54
110
165
43
49
273
283
13
23
42
60
23
40
15
30
12
25
19
17
34
53
36
43
30
41
21
28
47
58
31
54
63
65
9
14
16
23
9
18
57
45
29
50
75
132
44
51
522
442
52
66
13
38
29
32
101
139
1018
997
26
41
15
15
22
34
48
76
47
87
92
141
92
124
45
55
27
29
5
31
10
11
22
28
114
179
24
53
10
8
35
41
18
25
45
67
17
20
1322
2000
265
287
39
51
8
10
12
35
557
567
40
43
57
113
351
573
33
54
6
11
24
37
6
17
63
137
157
273
57
87
12
8
48
80
16
56
67
45
193
242
16
22
27
43
104
81
175
37
182
112
105
705
23
25
168
22
20
111
101
112
28
302
421
20
163
47
1424
19
26
305
57
239
165
308
297
14
29
47
36
14
64
20
49
380
20
16
186
254
29
7324
24
67
29
173
18
994
30
102
23
383
130
126
340
39
382
39
267
46
14
93
111
25
44
194
35
75
51
45
318
96
29
612
51
92
796
35
32
77
595
41
5402
89
2199
16
62
30
32
14
34
232
55
25
93
11
45
11
78
24
1063
60
99
183
32
201
44
78
981
106
287
210
27
52
103
563
63
58
227
763
15
44
107
53
348
226
40
30
47
21
670
60
18
64
2382
37
111
365
18
58
86
139
187
85
29
178
67
753
81
85
76
244
86
21
226
33
4779
447
77
1360
28
109
86
282
50
25
23
69
61
129
44
145
25
726
40
55
165
17
85
376
34
56
235
24
140
56
30
154
27
138
268
27
99
601
46
6
56
98
154
67
323
6
56
137
84
480
301
128
124
119
58
75
60
67
823
72
69
54
177
21
237
241
73
816
68
161
172
49
632
1021
1083
21
23
26
29
64
79
2440
20
89
96
45
79
253
141
51
1935
131
39
1512
424
276
817
23
56
172
1603
624
103
94
693
31
53
49
188
294
43
47
118
301
205
173
1868
589
11
434
76
228
188
120
119
122
12
66
36
1105
421
2957
353
549
1406
355
420
650
1854
173
473
466
402
232
2189
41
30
56
174
7
1193
879
1418
1008
154
1549
758
1326
1168
126
369
510
421
349
112
173
141
159
247
13
35
11
93
85
5
401
353
545
714
15
146
79
182
288
11
229
48
282
184
26
29
23
59
61
2
448
438
681
655
60
37
20
113
39
3
587
234
899
686
67
594
543
810
472
52
24
8
46
33
6
1561
764
1037
735
150
381
473
509
328
119
72
29
193
96
21
16
8
24
32
2
231
186
351
319
25
48
36
119
64
7
125
147
124
409
31
79
53
186
185
35
82
21
102
116
15
1856
927
3667
138
5356
692
2971
1086
10649
81
5191
4310
2959
7130
50
41
943
220
189
97
31
479
688
128
1062
216
890
286
160
196
233
162
659
69
249
187
895
284
2234
142
67
796
240
261
285
145
1873
490
152
54
365
1113
2064
142
5495
17
65
573
134
690
1511
27
56
4462
154
511
143
303
125
701
111
1086
428
11
1219
331
7282
166
134
30
135
39
177
2315
70
121
1007
213
40
524
1109
416
327
504
1956
6567
259
55
2475
168
256
351
14
477
136
231
822
111
58
464
410
28
36
55
357
2957
167
238
72
135
146
397
43
7526
114
134
304
247
53
93
211
44
60
20
78
22
169
23
140
9
37
98
292
122
181
173
177
32
222
59
31
1078
257
103
168
25
123
56
2865
18
76
68
372
35
81
1388
1048
734
71
1036
278
44
42
85
12
133
54
123
1895
28
41
272
992
45
48
118
21
36
12
48
15
14
75
16
11
28
48
20
58
33
722
329
21
54
20
38
183
726
396
26
10
5
79
474
30
14
16
169
10
242
264
149
19
19
292
31
64
182
351
44
48
93
9
46
47
13
255
48
160
21
91
103
70
12
555
38
9
49
33
57
18
20
84
43
97
9
81
19
93
53
45
27
12
41
26
21
157
120
47
175
180
47
120
152
51
1968
529
188
50
371
255
520
32
18
908
80
40
638
32
2019
150
603
139
102
42
72
49
62
81
68
61
816
83
34
2454
42
22
114
39
23
106
197
33
3102
862
1635
554
1621
26
181
240
202
61
450
69
57
78
53
50
190
114
13
133
30
88
56
84
98
43
385
131
58
67
32
45
102
381
367
93
902
278
286
13
51
200
145
24
34
135
20
25
156
24
46
3317
43
337
1497
6119
111
99
146
14
326
93
110
322
94
36
254
14
94
130
86
59
89
163
15
1114
83
141
20
105
143
28
142
1341
2239
8
123
11
45
244
181
29
388
1113
13
240
125
17
19
49
1791
45
261
11
30
61
12
72
15
630
123
111
88
142
53
521
106
57
64
56
9
96
20
5
2370
304
38
3
5
2
65
128
8
18
599
88
83
426
97
27
48
97
78
56
74
117
124
108
157
20
97
348
5442
11
82
11
22
39
238
18
9
10
7
13
504
106
31
6
30
82
7
67
84
64
81
57
4
43
71
3706
344
5
9
347
10
95
58
32
74
37
176
36
24
100
64
227
58
116
57
13
153
2488
296
321
214
40
33
15
68
48
5
23
27
276
123
30
5
176
432
282
8755
407
374
6
6
104
36
17
461
35
243
15
34
3524
43
598
422
800
258
881
3972
1561
2876
1386
482
958
2852
2206
1884
311
397
1296
1616
1252
985
1427
2554
2708
2436
2469
1103
406
1641
1094
1427
655
4829
17
268
99
87
245
11
1129
239
159
21
3
13
214
113
360
73
266
14
387
41
119
138
827
115
1187
758
66
113
152
105
11
406
1523
338
775
1104
450
399
756
560
316
279
357
295
268
1247
4439
173
173
248
456
305
41
298
537
2504
126
460
476
4865
242
3594
3329
1133
1184
2554
987
1388
313
697
409
411
2483
1016
909
650
1737
923
282
130
193
437
570
4458
247
416
474
879
424
340
656
2569
267
165
113
199
371
3
15
51
61
0
10
6
18
1
3
16
22
0
16
54
56
0
7
22
26
1
31
44
62
0
5
4
20
0
8
21
39
0
132
184
320
6
275
387
795
3
35
82
153
0
212
304
572
8
37
64
171
1
9
25
42
0
56
116
200
1
12
24
28
0
82
199
369
2
83
69
214
0
12
48
34
1
6
14
27
0
6
19
21
0
45
96
187
1
10
37
41
0
111
190
320
5
356
461
811
17
22
103
84
0
32
100
91
0
106
252
345
0
35
48
130
0
7
34
43
0
381
274
843
6
10
35
50
2
344
534
895
12
40
90
202
1
141
281
485
3
3
20
18
0
5
7
14
0
39
62
142
1
3
8
15
0
391
643
1194
4
2
24
36
0
147
176
382
3
42
105
186
1
132
199
337
2
1
7
20
0
58
90
114
0
1
13
3
0
183
260
460
4
29
68
158
2
225
293
639
7
5
13
15
1
39
70
125
1
19
39
68
0
52
112
208
1
23
53
93
0
16
30
57
0
6
20
32
1
27
68
89
0
1305
1351
2759
12
1
19
26
1
8
30
40
0
100
149
268
3
39
90
157
1
259
390
865
7
5
16
9
0
257
499
726
24
163
153
336
1
8
16
20
0
23
67
70
1
54
101
173
1
9
12
23
0
22
38
84
0
96
248
441
11
12
31
42
1
66
165
272
3
9
26
64
0
22
58
77
4
32
102
177
1
106
212
259
0
38
87
93
0
17
47
78
1
8
15
29
2
34
64
124
3
24
63
93
0
38
75
120
2
10
24
37
1
36
51
92
1
0
4
4
0
232
308
593
3
18
22
54
0
2011
1923
3543
37
6
20
37
0
2
9
6
0
45
117
222
2
66
123
188
1
31
83
100
0
37
95
113
0
12
56
63
0
15
28
39
0
30
161
39
21
65
30
20
1368
2495
40
63
30
39
22
27
33
16
874
28
34
23
22
44
14
68
30
110
96
102
432
75
43
18
66
38
128
86
32
191
60
62
16
48
2
396
38
249
25
110
95
845
32
362
92
590
345
559
299
260
285
182
2177
156
260
829
1513
270
607
227
278
4593
331
272
1630
522
1033
132
7718
299
132
534
1458
177
5211
580
192
59
175
146
162
125
387
144
357
374
1284
259
1279
272
1677
2605
269
966
414
1144
111
204
782
54
3418
64
257
459
25
292
124
170
295
123
906
243
247
680
345
448
262
357
290
2163
3003
913
494
535
201
47
1747
372
665
285
992
155
7
8
47
6
2
23
4
10
35
1
2
12
8
16
76
4
3
37
18
20
192
6
6
85
237
18
913
17
9
170
29
40
251
3
6
25
3
4
3
557
150
1571
6
7
21
129
44
526
5
6
23
5
7
76
46
19
373
21
12
164
28
8
100
2
1
9
1
4
13
50
24
297
8
8
99
50
19
218
5
3
16
2
3
19
1
2
3
1
3
14
5
4
28
3
5
33
14
11
112
2
0
24
3
7
27
24
13
228
9
9
46
0
2
31
1
4
30
19
26
169
23
14
150
68
27
278
1
5
30
1
7
31
5
3
42
14
11
172
32
15
189
5
11
48
8
2
68
9
15
51
33
37
249
6
7
60
2
8
44
7
6
36
1400
158
3714
20
20
141
44
34
179
11
8
115
10
10
83
113
68
492
20
13
165
28
36
197
75
38
318
1
6
26
1
6
17
110
70
475
16
13
80
15
11
126
28
37
159
12
14
63
2
2
20
999
154
3706
59
47
397
79
40
326
4
10
45
4
16
46
10
24
91
144
1142
4736
437
787
572
231
228
2097
1182
17
77
63
199
2168
210
795
637
63
3906
462
1594
221
3272
126
5726
981
24
261
740
241
76
296
6398
25
1448
810
8344
424
1241
182
2909
653
513
4155
1438
759
29
433
1066
3565
237
546
221
541
521
2138
1977
2976
244
1928
468
36
1116
68
179
286
475
337
141
1085
4183
501
989
2166
1519
821
285
744
229
1043
5186
156
2001
654
409
4847
322
99
1005
247
423
55
309
378
284
374
347
1310
261
2350
218
3624
326
6
1065
504
2291
861
6
52
0
0
30
0
95
643
1
1
241
1
3
5
0
0
11
0
98
873
0
4
145
3
5
14
0
1
11
0
9
47
0
0
22
0
179
534
6
4
214
4
222
899
1
0
361
2
9
36
0
0
13
0
643
1262
0
4
1261
7
9
119
0
0
58
0
8
71
0
0
29
0
7
71
0
0
31
0
3
36
0
0
28
0
21
108
0
0
49
0
28
146
0
0
85
1
3
28
0
0
7
0
192
660
0
2
361
4
6
71
0
0
43
0
7
51
0
0
19
1
35
311
0
0
157
0
43
134
0
0
58
2
586
3180
5
39
365
4
25
201
2
0
90
0
5
28
0
0
11
0
191
759
2
0
299
4
17
54
0
0
21
0
31
184
0
0
129
0
67
281
0
1
140
3
13
179
0
1
45
0
7
37
0
0
27
0
297
1380
2
7
249
0
6
32
0
0
25
0
7
32
1
0
28
1
1
11
0
0
16
0
17
93
0
0
42
0
53
311
0
1
78
0
25
102
0
0
45
0
68
533
3
1
186
2
367
1039
0
3
616
2
5
50
0
0
20
0
186
1196
1
4
313
2
41
176
0
1
137
0
2
68
0
0
26
0
3
52
0
0
26
0
232
1230
1
8
335
1
36
166
23
45
457
429
67
14
132
9
54
40
159
366
14
120
193
43
42
45
23
30
111
20
71
32
6
64
30
38
16
248
61
10
18
15
11
56
124
538
798
30
33
63
27
510
22
31
2595
76
74
1849
29
14
75
23
61
28
19
44
40
119
186
49
303
21
134
60
274
103
45
2
143
123
14
120
531
22
93
1980
8837
72
2
83
300
1860
1812
89
7
10
134
63
268
190
61
71
728
31
37
79
9
250
161
18
46
11
10
23
6075
12
50
1106
49
10
156
410
6
10
9
22
9
18
9635
25
35
24
5421
46
3
10
11
22
60
428
5
2746
954
218
44
155
83
21
15
6
3028
36
67
23
54
1913
5
140
3
24
57
97
634
551
118
1023
97
4
52
27
9
276
16819
294
14
15
1735
25
264
1261
119
61
319
143
56
89
10
434
115
8
24
53
105
17
897
4
69
771
63
30
528
289
1
1
283
17
0
11
97
7
12
172
40
145
46
65
57
218
66
17
30
99
2
1617
10
30
47
13
19
115
73
36
1297
2
184
6
777
72
15
11
78
3166
66
36
2
302
167
34
53
1404
37
10
376
101
57
880
23
50
171
454
21
43
910
7
14
36
30
26
4
66
611
39
155
27
13
101
291
7
6
53
10
37
9
1126
56
92
16
1
4
9
22
10368
827
3
33
5
94
546
8905
25
52
179
13
66
170
175
339
287
201
29
178
446
105
7
675
33
0
4998
151
14
310
175
31
76
11
13
0
0
0
23
0
0
0
614
0
0
0
1796
0
0
0
151
0
0
0
7
0
0
0
5004
0
0
0
107
0
0
0
47
0
0
0
37
0
0
0
62
0
0
0
666
0
0
0
91
0
0
0
51
0
0
0
64
0
0
0
160
0
0
0
7
0
0
0
14
192
778
11249
0
0
0
99
0
0
0
215
0
0
0
133
0
0
0
367
0
0
0
958
0
0
0
226
0
0
0
10377
0
0
0
352
0
0
0
1742
0
0
0
9
0
0
0
2849
248
188
150
853
48
335
47
177
152
145
347
324
247
347
66
122
0
492
517
5
639
378
5
24
65
0
37
42
1
86
164
1
47
71
1
1168
662
6
256
346
6
4
12
0
303
393
12
18
22
0
120
144
0
63
62
0
12
22
0
10
34
0
39
54
0
33
39
0
180
310
0
84
175
0
33
82
3
21
33
0
21
27
0
138
171
2
1120
958
20
1591
1312
24
90
88
0
64
71
0
20
30
0
10
30
0
191
209
6
20
33
0
74
119
2
18
26
0
59
85
0
3
10
0
26
32
0
4217
3741
56
123
78
0
74
39
1
418
354
5
91
55
1
131
93
2
115
236
3
11
23
1
363
416
2
139
101
0
8
10
0
43
82
0
168
220
1
114
128
0
19
37
0
131
109
1
5
18
0
64
76
0
471
519
16
588
510
5
181
179
4
1002
1389
23
90
132
1
9
13
0
42
89
0
146
182
0
427
278
5
20
44
0
192
121
1
38
102
2
29
42
0
17
60
1
23
25
0
1807
1321
11
117
176
2
22
18
0
281
572
4
37
69
0
155
123
2
61
38
1
28
45
0
53
34
0
41
72
0
28
49
0
472
465
5
64
85
1
70
102
0
622
805
11
751
843
14
40
60
0
26
29
1
21
0
30
42
0
99
168
0
43
91
0
30
51
0
49
59
0
134
150
1
89
69
2
251
463
9
129
191
1
53
82
1
79
116
0
2006
1203
33
104
170
1
66
79
0
21
35
0
13
18
0
713
958
20
463
444
3
334
429
14
58
107
0
217
436
0
48
67
1
109
111
0
33
57
0
139
204
3
52
81
0
28
58
1
655
646
0
674
696
6
121
125
3
343
380
1
17
23
0
15
20
0
72
85
2
1665
2503
40
155
207
3
137
165
2
98
109
2
30
60
0
54
37
1
107
103
3
51
56
1
62
108
0
374
305
1
82
260
2706
709
894
5320
51
1274
335
76
683
42
710
764
1288
330
18148
4813
540
211
927
111
888
290
201
147
10495
210
1492
153
9690
7147
527
3708
45
769
2490
549
1425
81
889
122
62
138
527
29
37
30
158
39
20
210
93
161
72
461
171
424
1224
116
85
134
482
143
150
29
267
148
58
796
64
121
105
259
51
35
44
167
498
356
125
38
69
52
87
54
56
167
223
23
103
45
523
66
85
70
262
80
1829
80
86
363
501
168
421
92
3668
535
231
379
368
925
22
686
35
350
271
110
161
26
111
634
146
1037
127
877
57
94
175
553
929
237
78
6
4340
263
210
283
1569
647
51
383
289
640
98
1200
102
1094
85
441
62
253
896
878
113
177
182
138
641
123
941
3023
357
115
1629
403
595
74
434
142
121
57
321
86
61
86
1063
167
895
21
282
65
339
71
350
255
172
65
46
