19838
83544
5622
7525
24711
1146
5458
35101
8753
10583
16085
4296
7324
5601
6484
16899
19203
3442
3631
14586
4864
36880
14303
5524
24767
30164
10869
35528
7300
10376
10848
875
3192
6607
32618
19670
138843
6174
31721
12322
42221
34640
1836
1541
102780
5343
12205
33191
101243
6147
33311
39664
1339
5594
8042
8559
9864
79700
36166
1598
22235
14963
51117
26002
6564
1833
10195
3511
8081
7096
7893
4652
6714
2671
3516
2810
2760
1975
3674
2383
3690
4684
3655
5378
4407
5243
4324
6162
7464
6076
7180
6971
4440
3059
4543
4769
5114
2358
1737
1939
4690
1994
4077
5770
7027
7618
7787
59
7262
4053
127
25934
7714
1909
20311
6446
295
15005
3260
112
7289
3314
146
1571
840
22
2936
1606
587
889400
103086
3179
56914
20938
683
18787
8722
148
165747
33667
8344
80293
26277
507
4279
1879
36
76416
14845
266
30226
5651
657
145
3658
500
1
286
4018
1232
12
1160
12136
2540
0
5400
56966
11599
0
711
9235
3700
6
117
1444
772
2
72
958
582
24
627
4862
1892
43
183
1207
362
0
280
3076
1249
11
133
954
2981
18
423
6289
3581
35
84
1570
1168
45
294
4419
756
31
282
3358
2054
0
1321
17156
7036
45
964
13335
4268
40
287
5895
1072
79
161
3791
976
18
44
884
645
0
124
1379
414
4
273
3126
950
0
1332
27934
5072
83
208
4101
1355
13
157
2493
1294
17
1880
22991
4080
118
248
4674
1869
3
436
9917
2298
19
324
2514
1632
0
385
7204
1589
24
175
2393
799
0
445
7943
2862
0
226
2985
1404
16
108
2249
1228
8
491
4482
4527
21
371
4148
2348
71
157
1197
379
24
188
2844
1537
0
72
802
412
0
124
1504
1097
4
136
2778
800
1
223
4229
1986
3
907
18811
3151
15
289
2923
2446
0
376
3623
1730
54
338
8789
2792
1
231
5042
2008
15
91
917
536
1
173
1935
938
0
145
1130
858
0
144
1396
1608
44
399
3686
990
219
84
2337
1047
11
80
1228
1085
24
142
2511
861
5
149
3135
2568
66
377
4739
1902
17
930
14281
2870
0
62
1510
1192
22
5859
40576
16917
335
218
3714
1411
12
1852
30778
6926
0
129
1593
1240
0
142
2233
990
0
1601
22808
6789
0
164
2368
1343
9
311
4208
1414
5
128
1979
1135
0
197
2888
1531
0
543
5398
4505
32
315
4350
1297
72
3894
31520
12090
0
1032
15954
7196
0
46
771
726
0
181
3507
1518
20
136309
244
13585
48730
16518
4559
152877
6461
61838
164464
7063
21770
20847
4620
164484
24072
13123
8970
1145530
29378
24612
5950
13267
39397
3109
2513
46299
20676
26779
676498
122488
6445
449144
259405
10590
366257
600094
56417
121098
67436
75584
65736
214612
26937
60789
1142
13290
69306
61825
104145
24375
19141
3188
77579
17689
162207
27292
17676
95657
3813
127323
5189
1867
1503
42501
16295
6222
993
2754
2286
741
1271
2474
13081
71618
1089
121270
9892
202828
14027
17517
14717
1833
4883
3735
353
2203
681
148417
795
3144
14233
1497
91489
4284
2135
8087
56894
427
5670
9306
16770
9593
5756
1577
6991
1958
2780
4008
42252
3061
3660
5925
1413
202
1136
1121
5322
11241
2595
96145
4107
168445
159024
55601
40665
169893
57110
34838
29141
41009
88364
71230
18586
50972
11911
66097
10334
207883
333409
5274
73243
65352
84480
128950
23836
8313
6759
233762
96674
43043
4675
7465
7895
3782
6113
3815
6122
7906
70412
34873
327398
8080
58872
15488
4479
3128
125859
233247
57453
16749
2846
5576
124987
127826
61168
532833
25693
42566
79798
11470
245398
73480
334711
179621
276209
194586
25514
77385
148370
125241
110946
86831
62761
16410
7751
5133
173821
12874
32947
9876
890
3874
1753
9
164
1419
716
1
487
3099
431
1
138
466
291
2
1290
5736
1873
4
1025
5116
1644
10
4134
16782
5885
3
5976
21499
10179
20
528
3140
441
1
749
3825
1835
10
5375
13234
7922
54
614
2770
942
2
685
4307
1992
7
519
2312
1423
6
1588
10072
2579
5
2800
8910
6653
23
649
2802
1949
0
1137
6443
824
2
150
494
279
0
2161
9465
3621
4
375
2327
431
0
4699
21676
11071
30
2952
17025
5170
20
397
1896
1124
2
11781
23014
18346
96
132
455
291
2
1102
4492
2464
6
19639
56171
23758
19
4048
6974
3409
15
105
401
131
0
4366
7988
3403
56
209
1277
618
1
50764
76907
37609
179
917
7066
2587
8
1365
6132
4270
10
7023
29643
13300
47
486
3301
1113
0
9400
23824
18273
4
562
2713
1152
1
780
3227
977
3
635
3414
2010
7
1964
9095
2336
3
832
4451
1469
6
16078
29966
12126
203
711
2793
2335
4
259
1431
466
3
2355
3818
4259
22
5434
15139
4863
15
416
1504
799
3
121
909
226
0
2520
13471
7350
17
981
3408
1837
0
896
3126
2528
1
491
1926
471
0
2253
5730
4163
23
7382
24162
6352
56
4436
16678
7897
112
14612
60739
9740
31
1404
5364
2299
2
29479
87293
19552
916
2183
6863
4371
12
205
795
403
0
4388
16492
4701
35
2538
9866
6986
15
1103
3896
2028
7
1275
4947
844
2
40396
90472
35271
274
2905
11083
2628
21
12005
40999
11111
55
244
641
274
0
1786
6224
4317
4
2087
6627
5592
13
1437
5687
2338
2
677
2197
1641
1
8134
31879
8143
31
8163
21677
11644
50
369
2106
655
4
4395
20135
4961
6
808
3455
1547
12
528
2749
1418
0
446
1992
1096
3
335
1244
579
3
331
1748
771
0
1272
5666
3023
4
807
3772
1743
8
250
1778
481
0
2351
6479
5660
3
1221
7728
3054
4
1311
4941
1704
3
442
1832
904
1
290
2102
1126
10
3379
16795
5351
166
2022
8138
2002
1
139
1296
348
0
1718
6103
3502
3
295
1221
759
0
898
4445
826
0
834
2371
810
1
980
3312
2230
2
264
1269
530
3
681
2701
1551
2
1062
6890
3102
6
356
1495
1109
0
938
5424
1865
3
1361
7689
3893
0
6399
17106
6527
17
4860
8103
10888
18
2696
11216
2680
3
946
3584
1061
2
9582
35174
9710
59
810
4728
954
10
1786
6287
5994
8
923
5768
1208
0
919
5864
2341
3
1707
9021
2849
12
313
2155
336
1
1760
4983
1547
1
88
353
163
0
1663
4604
1207
0
214
856
321
0
6233
11931
8584
33
3005
7466
2526
15
154
1341
304
1
505
2140
1260
11
277
1390
944
0
3490
8801
5234
532
1365
6765
1234
4
105
462
229
5
837
3358
1524
13
241
686
464
1
64
200
96
0
818
3699
1536
0
292
1764
349
13
358
1506
958
3
270
1069
665
0
1670
8565
2718
1
1221
6833
2721
9
1217
4852
1797
6
1227
4165
984
8
274
1409
418
0
2905
10519
4673
46
233
1738
377
1
310
1219
841
0
2232
7008
3400
11
1175
6063
1364
6
3517
14089
5560
8
6031
22594
9202
15
1368
5900
2577
20
205
771
190
0
719
2458
1481
5
1354
6131
2495
7
121
488
139
0
202
943
438
0
2088
6680
3448
6
3544
13084
8963
45
343
1317
743
0
467
1649
704
3
259
1109
1293
3
766
3285
2779
0
26897
136250
11582
22126
130699
1941
23331
2914
3878
15295
4032
3485
18369
37805
4937
1202
507
61759
2906
7907
264
3453
2089
7246
5845
5548
7951
4659
7826
12099
5734
62837
9472
3592
1489
1469
13559
6265
13738
2148
3819
8862
2116
4216
2858
25897
3947
4154
24220
1486
5625
13883
1931
10411
2046
5105
3625
35285
11563
6226
5629
14304
14037
558269
7043
4601
5632
21905
6227
193611
6193
2833
15006
8055
5048
13622
9867
2019
4770
16523
3432
6906
1691
2394
15300
10877
10890
4494
12476
8712
7166
5059
96775
28532
29492
12009
123594
30113
4886
9630
12208
9136
28589
16153
76031
12678
4197
4654
4997
7027
82260
40502
4764
5418
14142
9544
9950
4964
16248
38252
7313
6248
6332
1722
1699
1993
11076
6089
28603
8103
53485
2773
2114
9426
57150
2004
12521
42513
6161
20725
4237
4676
6115
7176
5791
14527
155116
22801
60861
14799
10686
92083
22410
3007
3841
22351
5777
7086
10552
33668
9499
9334
3483
9576
19528
9575
14237
26827
15033
46972
7755
23400
6154
9691
6694
11817
18543
11103
101587
28996
14565
53802
15043
26449
13147
14555
11383
6361
9663
9490
51219
11655
26499
8110
91760
25997
15601
31215
134175
13844
4029
10925
22071
12659
27512
4942
14195
2054
6432
7286
5400
5345
4692
45008
9206
4246
12278
8312
11261
6035
7331
14568
7357
53164
7466
11327
6691
3133
34581
6110
2688
41844
5184
24545
10762
3401
21326
9114
17567
10855
7957
12862
1205
1717
781
754
2699
2045
1830
2692
1197
1102
3127
6081
13892
15921
4364
4365
3749
4575
2517
3913
2536
2538
2441
3115
1460
2238
3671
4095
2569
2410
2738
3446
5714
6785
2444
2066
2398
1924
1416
1737
3417
2741
2271
3848
6942
6468
2483
2379
13790
14372
1373
1662
893
1725
2613
4075
5506
5136
4773
2679
13152
14206
1445
1823
2553
3621
2195
2552
1437
1996
1257
1460
1659
1570
1876
3069
1839
2441
2457
2525
1709
2692
2655
3209
2276
3304
3676
2849
1224
1909
1751
2074
1236
1649
2841
3194
3077
3880
5054
7071
2267
2209
11179
12027
2782
3814
1384
2425
2911
3377
4547
5261
24996
28748
1532
1974
1622
1673
2547
3171
2935
3590
4486
3834
5576
7146
5051
4559
3160
2456
1820
1864
1239
2023
1414
1564
1722
1944
5185
5680
2487
3384
1080
1615
2674
2654
1631
1747
5047
5468
1315
1517
37909
69655
12944
13408
2713
2960
944
1030
1602
2467
24946
19012
2674
2037
6314
9461
8208
12333
1820
3505
891
1579
2040
1984
931
1939
3962
5574
7824
10044
3400
3591
1042
1302
5031
5939
1436
2290
3801
2462
13356
12570
871
1871
1908
2240
4218
2929
4906
2014
8608
5023
3262
22634
1123
1402
6766
1183
904
3177
3242
3489
762
9656
10045
1260
7126
2976
17286
1141
1140
9758
2148
7236
5803
8479
5323
1291
1080
1936
1911
549
2444
698
2168
10182
1122
875
4517
6334
1387
155631
1164
3130
980
5735
762
21610
1283
4048
1249
7550
4465
3729
9964
1523
12308
2504
9931
2124
1034
4664
4970
1339
2007
5705
1629
2610
2045
2418
9452
3108
1261
18443
2182
3262
11610
2325
1350
2790
15722
2014
122416
3372
40443
1282
2269
1763
1645
614
1760
8105
3130
1363
2845
770
2363
808
3153
1228
18934
7276
7586
9657
3356
14654
3986
8140
44811
6190
14295
8872
3398
4265
7701
30708
4960
4906
11351
28482
2159
2954
8775
6179
15080
11811
6677
4280
3451
2769
31023
4828
2246
5100
58845
5534
12250
12900
1605
2955
6754
8725
13206
9453
4838
13064
3145
29832
9367
6334
6345
12730
5843
1714
15757
5453
150619
17096
8450
48123
4779
11012
5685
23234
5633
2159
4321
7226
4986
8489
4010
9067
3100
27353
4174
6113
13297
3496
5477
21820
5664
3633
10184
2311
8506
3959
4628
8993
4297
10496
15703
2408
8582
22651
4292
1670
5515
8118
20279
4041
25441
884
6577
5994
7506
17764
15054
5888
8737
9376
4060
5487
3227
4965
31790
4482
7430
4506
12567
2097
8362
22596
7574
40687
7271
12028
13575
3891
38074
48021
55066
3976
3671
3541
3770
5550
9112
88420
1080
6064
11053
6970
8117
21251
7893
5394
105949
11423
6378
72519
36024
11311
54877
1930
6510
9358
26664
42255
7412
7503
38347
2413
6607
8776
11179
18233
2714
5954
7538
23171
18203
14811
99666
37806
1197
34339
8407
21930
14107
13307
11830
7684
4317
3863
4619
29268
21080
59584
8754
14982
34721
9982
10256
17698
44825
6143
9755
16644
11196
10194
54817
1883
1703
7342
9513
445
16213
17630
65507
24625
3846
26841
16954
66437
31927
4043
3401
6768
8465
5444
1296
3144
2757
9115
9980
350
795
409
5305
3523
251
5633
7025
25406
21755
399
2799
2054
11162
12852
572
4700
1372
13578
5339
590
809
650
4749
2405
151
5692
7936
31490
17190
1374
808
881
7973
2060
280
10016
4927
45623
18918
1446
6791
7458
23430
9534
1177
657
269
2643
1466
160
24591
14962
41476
16506
3687
3942
8685
15824
6691
1948
1554
1347
11705
3651
484
295
489
3145
1614
196
4407
2910
13908
9069
532
1084
1255
6435
1972
200
2450
4276
11882
20760
856
1651
2101
11294
6972
926
2570
696
9333
5357
615
55311
18064
119872
2631
144837
11201
87318
22281
226956
1914
125294
121227
58613
171683
4848
3014
41392
10686
9748
5928
2512
23471
33125
6601
43519
14064
36221
16699
9841
10186
10681
10861
25098
5087
13207
9617
31798
12135
98714
9893
4600
30502
12102
17037
10378
12731
47639
20657
9759
4216
14815
47372
56823
7436
165741
862
3946
35482
7916
31541
76982
2109
4304
263863
8321
16286
10207
13267
8117
27675
6648
52710
21815
4171
45133
18857
325971
8892
8253
2358
8928
3466
9779
100913
5342
9670
50785
16194
3090
23149
59185
18127
20297
21591
56241
264553
12102
6258
104902
12438
12188
14382
1863
16731
9552
9791
34009
11620
4250
21916
15043
3372
1203
4165
25676
109638
7783
15799
5191
7301
9578
16052
2269
205973
6334
8202
16491
15239
3948
6278
14437
1546
4131
2528
3393
1704
10775
2121
7979
1142
3721
7480
13986
9359
9952
14821
10025
3363
9018
5600
1953
39692
23800
4532
10256
3553
9865
4417
77376
1454
5771
5467
17464
3583
6065
49017
45872
36222
5864
50959
12656
3044
3316
9753
1172
8153
5520
6624
73764
3103
2328
13227
51973
3734
5696
12818
4503
5178
2570
4671
4625
3924
4175
3001
603
5417
4181
2375
6250
5854
46462
17290
2923
9713
4794
6081
16132
46822
25141
1369
1118
308
9438
36295
4302
531
2534
21226
1787
12949
20704
17967
4285
5228
24207
3129
11596
13800
31091
8273
7566
11177
2917
8320
6997
1240
9004
8060
19595
4500
8479
11550
8370
1026
50895
6285
688
7635
6458
5964
2799
2488
8707
8054
7933
926
10373
4220
10365
5300
6307
4291
1324
5112
3671
4832
6413
7255
2199
7732
12425
5168
6597
8109
5167
38646
22450
14602
3725
14815
18850
28907
3706
2451
37197
5788
3111
34920
2672
64605
7799
26086
6272
8725
3414
6619
3102
3828
5987
5898
8135
38058
6222
2581
83630
3585
3198
8027
3966
1976
3553
15181
3596
100142
37728
77046
15489
26393
1486
13762
12273
14426
3553
21848
4363
5267
6076
4584
3892
9915
7465
1541
10176
3537
5744
3477
4465
7442
5447
22120
6865
3847
6425
4064
4120
7657
13854
13480
5863
28917
11850
10329
1984
4396
8018
8345
2733
4839
6451
1606
1560
13769
3165
2700
128389
3932
20511
21474
199493
6630
11484
14800
1974
20508
9478
7155
13222
8047
4987
14880
877
7453
3923
2207
1469
3173
4468
775
23315
1891
4205
799
3758
2186
1375
4869
38321
31696
764
1884
414
1419
3957
5345
1040
9322
21409
821
8672
4191
956
833
1828
26347
2423
6025
298
1936
2031
970
2355
603
19114
4800
1996
2486
5660
1403
7745
4462
1840
2608
1596
373
3135
823
516
50772
10085
3093
260
362
280
2653
4002
1010
1470
16640
2580
3542
10121
4174
1740
2844
3813
2848
2636
3507
5090
3926
2931
6524
871
2335
10984
119159
883
2359
1437
1229
2163
7445
1016
933
893
375
1016
16189
4309
1615
494
1264
4769
376
2786
2616
1518
2822
3544
476
1563
3721
70092
13071
407
370
11940
275
3419
2113
1437
2428
1857
5649
1071
1321
4157
3462
12186
2291
4525
3073
744
3631
51979
9108
10952
6490
2292
1322
642
2561
2308
377
1180
1901
8583
3055
1511
438
5337
16113
9367
430809
21623
16734
395
887
5877
2198
2067
20906
1420
17527
1731
1901
116653
3400
20899
16150
17898
8617
19905
104625
39711
95858
30489
11508
64438
204417
103345
86207
33158
28952
75475
83340
65698
43153
51641
143467
191808
141134
217740
92009
18827
71996
51698
80002
34769
116135
1698
15656
3975
3271
10444
656
32802
17454
6553
917
319
1120
16531
6942
4278
4408
7801
903
14521
2634
5408
4634
32874
3421
34174
18329
3542
3255
3715
4772
1388
17364
51081
14135
67740
43800
22155
19512
34853
21922
13482
16514
14464
10789
13387
66872
197527
8976
9668
15378
18876
14271
2225
18870
25629
202772
8894
18182
18408
145661
12745
326716
85185
56068
57180
90619
29039
84996
12126
32138
14382
29283
212665
36500
123320
73186
61305
30741
9903
5621
8329
24608
29474
375821
18665
14791
11096
37590
17699
15941
26204
144713
13898
6208
5289
11057
29543
167
850
2741
12251
46
358
849
3299
21
218
2098
2990
15
923
3680
6781
67
459
2863
3784
66
1047
4331
11014
45
153
1047
2608
9
551
2126
6971
28
6424
7904
41248
274
6159
11763
44341
149
2112
5880
22973
54
7184
12829
42997
227
2311
5437
24259
112
254
1173
2870
15
2053
6392
21541
42
542
2655
3857
35
4236
10907
41330
115
2392
3457
15292
45
1010
4183
7401
34
269
727
3466
9
334
1374
3384
20
2503
7057
24128
110
869
5406
10436
121
3120
5465
22362
85
6032
12930
40875
195
669
4666
6290
32
1193
3656
9076
13
5951
15613
42969
125
1385
3992
12802
49
655
4166
8930
42
5420
4708
22228
103
549
2573
6047
37
12154
17067
55560
283
1534
4957
14356
54
6770
12552
53506
205
222
1160
1973
12
225
961
2489
35
1562
2918
12122
45
250
1455
3161
8
12471
21451
73211
161
531
2489
6999
61
3545
5890
25628
114
1905
5471
15386
72
4730
8272
26983
47
184
984
2304
7
827
2207
6395
24
69
861
479
9
7075
13914
45913
108
777
2636
7874
69
5441
13528
49217
167
202
1155
1914
9
1366
2669
12407
27
947
2746
10849
48
2788
6673
26804
76
1480
3168
9526
37
467
1993
5486
33
400
2502
3606
24
1148
4666
11056
13
29329
30267
119320
295
554
1396
5099
41
500
2706
5168
37
4370
7023
25281
90
1752
5320
18614
141
7332
9853
45946
200
263
1337
2381
8
3987
9972
31729
390
2594
4522
13030
30
348
1283
3194
24
758
2287
6681
44
1711
3200
16970
75
270
891
3737
5
853
2946
9335
50
2758
7839
28131
254
827
2054
4788
20
3939
12052
40735
168
690
2574
8510
56
1382
9629
16242
553
1902
7313
21917
169
4413
11463
33295
126
2012
6702
16003
174
877
3513
12990
31
540
1505
5375
53
1712
5110
18540
96
1365
6205
12490
82
2413
5422
19599
104
269
1149
2737
6
1034
2694
7873
35
47
321
676
0
6877
14548
58728
229
707
1520
6162
2
37047
45498
142914
738
325
1039
2384
4
212
680
1887
2
1332
2795
10267
57
2403
5386
22817
103
2301
9366
15823
102
1593
4623
13316
49
1154
5410
9332
37
565
1725
5202
24
981
3568
1094
541
2575
1395
994
34744
42619
1499
1742
904
1951
854
1738
1362
871
16987
1145
907
1091
1215
1645
930
2364
1153
4482
4198
3856
12243
2824
1141
918
2460
1585
3577
1418
1065
5072
1257
1266
688
258
380
12110
652
6994
830
2522
3324
19974
1893
11739
9870
33116
19407
26890
10862
20798
23560
16480
114392
10745
14589
39032
74570
15488
35726
12325
15436
202699
22004
13038
66356
22160
50797
9473
211237
15731
10645
34143
52072
13407
177886
26310
9949
5792
10479
15678
9737
10796
18956
11309
22828
22340
73278
20306
59514
17964
79520
81763
13835
59903
19023
64598
8316
19452
41371
5463
129034
5041
14077
27867
5135
14628
7086
12357
20593
9157
45990
17022
16412
41472
22278
18896
22609
17086
20422
111097
124833
55194
30458
21669
11650
4632
87988
22307
36759
13452
35757
8462
216
647
4722
87
344
1547
150
1088
3319
120
303
1545
433
1322
5012
181
439
2516
687
1541
10116
339
528
6146
6510
1924
35116
863
1710
12126
970
1341
8912
190
1152
3356
63
311
596
11820
7905
46952
76
564
1451
2995
1521
16389
96
535
1486
234
676
3776
1471
2136
19687
676
994
6390
1032
1733
10792
118
211
1795
98
234
1356
1350
1919
13701
456
1204
7218
1633
2119
14786
96
234
1586
72
304
1229
27
190
530
60
193
1074
166
897
3102
170
511
3194
427
1071
4894
63
382
1581
104
632
2705
836
1515
10483
313
995
4213
132
465
2076
148
488
2801
674
2150
12389
646
1417
9950
1758
2246
11604
120
698
2487
155
621
2308
257
910
3724
610
1240
10899
1248
1406
12641
481
1035
7969
371
863
4938
238
1426
2948
1245
2382
12899
195
759
2867
155
720
2735
149
461
2448
29408
6024
109618
565
1306
7797
1065
2528
10528
466
1195
6884
286
590
4391
1498
2025
14290
585
1441
11825
646
2015
8144
2180
2625
15435
163
796
3057
83
278
1268
3025
5944
25062
394
807
4810
623
1204
10286
987
2491
12082
212
1006
3287
84
458
1534
21016
5743
123815
2043
4680
19442
1357
2088
13631
214
544
3328
156
959
1878
335
1827
4449
7352
14878
110509
10218
17150
21829
11287
8484
55646
43298
834
3545
3475
3955
63869
7189
31751
25308
3470
80336
12460
43486
8187
79002
3586
82995
23732
921
8354
21270
10298
3404
7035
99073
711
29551
37523
282324
27489
54759
23025
109736
45306
21600
187367
74359
48085
1771
21984
36372
128565
14578
29203
11902
20098
28559
77212
66408
118532
12140
66869
41227
1882
57245
6824
12579
17061
28089
17960
9649
52334
160209
29597
46731
84259
86929
41462
14083
36143
16670
38726
185460
5844
83854
28952
18293
132740
19213
7239
48871
13983
31466
2619
15207
15742
12356
18569
14237
72080
18637
130218
9936
146733
9745
85
42001
15722
102551
29818
581
4306
0
8
3320
0
5162
27763
27
16
18606
15
59
442
0
0
330
4
11505
49622
72
159
6110
97
180
1361
0
4
872
0
329
2862
8
0
2289
4
9122
26945
87
42
16804
194
8375
30574
26
51
18313
58
357
2657
12
3
1276
0
19661
29421
33
127
43845
210
690
11462
72
0
5816
3
512
4986
0
0
3159
3
563
6856
0
2
3860
16
716
4345
3
0
3297
0
921
6067
0
5
3412
35
1174
8807
0
5
6827
19
659
4186
0
0
1733
4
5456
19301
2
40
17058
56
652
4322
1
0
3208
1
568
2493
3
2
1556
3
2255
17596
0
10
12736
18
2612
10252
0
21
7567
35
18193
110201
181
619
20679
148
2048
11399
59
20
5860
45
333
2475
5
0
1082
11
14328
59651
93
10
44470
269
963
3920
2
0
2182
11
1691
11103
0
5
7664
8
2742
15407
16
46
11984
117
1044
14512
22
13
4391
22
204
1832
0
0
972
0
12723
61434
86
168
18354
52
500
2917
0
2
2277
15
389
2189
14
0
2435
17
269
1180
0
0
1509
0
910
6371
1
13
4144
4
3462
16894
9
21
9276
36
1547
7075
10
6
4954
11
2760
26999
103
54
12897
94
12341
22750
16
24
23133
49
321
4015
0
0
1845
29
9110
60777
117
118
23277
161
2283
9126
0
24
9548
19
248
5073
54
0
2807
1
317
3183
0
0
2023
9
8807
49711
50
298
23606
255
1052
4808
694
2235
8000
10580
1750
183
3731
747
2552
1373
2456
8958
647
3852
5613
1869
1699
790
1468
1538
2878
964
2618
1771
1026
2372
1433
1793
748
5522
2944
564
738
721
498
1904
3681
8753
19617
1042
1287
2068
1075
9875
449
787
49249
1951
297
35063
1401
1139
2404
905
2104
1203
726
532
2161
3290
5944
1966
6581
404
23184
14354
5668
4725
47369
35204
12331
5190
9205
19584
14438
5952
10604
2733
12162
17883
4673
25168
100218
4229
6672
17643
11768
15690
7441
13987
16259
9784
8565
22259
4802
18811
92108
2372
5760
9559
20405
3343
9797
11239
7577
2718
6120
4118
18651
6468
124540
1492
5674
15334
4474
12281
21713
8096
23943
9911
11043
31464
18198
9093
4467
16783
42187
2888
6930
10790
7918
2775
2381
6792
23759
11050
19230
24536
81480
8004
5855
33783
129815
7136
4950
55860
63454
20070
2936
6599
6803
2342
11850
40444
5795
10396
9606
86469
50296
15110
4943
25076
9239
4300
1035
12039
11447
1434
10057
20516
1494
6006
67893
308618
5443
397
7469
27116
90433
47530
2461
639
998
13698
6743
18767
8031
5641
6012
49032
3626
2779
11033
1602
17353
15101
1943
5069
809
1586
3641
252318
1048
7472
62740
5177
1058
15596
15438
540
1247
1220
1396
415
1389
307076
2951
3294
2162
222480
6567
853
1384
1438
2443
7237
32697
893
84331
56717
13684
4177
12171
10171
1448
1584
445
157718
4161
6991
2823
5355
93911
1413
12514
611
3085
5627
6840
44163
32493
9432
47553
7177
995
3616
1849
1330
23858
700630
21466
1868
1840
47680
1486
28911
90527
11926
6536
26496
12719
7060
8054
779
29163
7681
759
3418
5231
12542
784
47570
833
7453
54628
5660
3968
37624
20083
127
411
20879
1987
151
1144
5504
1180
1335
16760
3521
8086
8804
6255
7523
23302
6789
1205
4199
10079
60
78861
1853
4169
3470
1857
1991
9845
6881
2904
59543
460
15642
823
45624
7984
2217
2170
8615
193382
4359
3872
604
17378
13800
4882
4131
64617
2812
917
29186
10179
9326
62045
2135
3215
18573
22820
721
5155
50796
942
1643
4517
2254
2210
529
5646
36726
3807
16534
4784
3007
10161
16516
2308
940
4983
1484
7975
886
69080
4105
8247
3385
584
615
1222
1845
409741
39547
334
2812
806
7570
32313
161337
5579
8194
15809
1178
6174
8284
22270
23358
15375
14260
3241
12959
25898
11926
2159
32069
3524
2441
139729
18463
1753
27032
19049
2174
7110
2033
1490
0
0
0
2695
0
0
0
21548
0
0
0
38032
0
0
0
6693
0
0
0
496
0
0
0
104135
0
0
0
7512
0
0
0
4207
0
0
0
2158
0
0
0
2248
0
0
0
18989
0
0
0
5087
0
0
0
2998
0
0
0
5404
0
0
0
5181
0
0
0
773
0
0
0
1157
12970
18253
198951
0
0
0
3535
0
0
0
10459
0
0
0
9052
0
0
0
10252
0
0
0
21014
0
0
0
13261
0
0
0
192812
0
0
0
10795
0
0
0
67294
0
0
0
1229
0
0
0
65949
6567
6724
5924
20104
2164
11274
2194
4171
5782
7086
14625
8707
7251
10135
3084
6078
10
9124
11587
93
8951
5496
97
1450
4409
0
2595
2778
17
4487
6550
4
2995
3700
7
13899
8306
113
12866
17741
107
399
1431
4
15208
20268
124
976
1925
2
7212
7875
12
2898
2433
16
1368
1988
1
2306
5981
24
1795
2744
5
1128
735
0
9331
11914
0
2839
5438
59
3909
8706
44
811
947
3
1390
2423
2
1399
1676
19
35502
22440
238
57160
35939
227
2554
2632
6
3577
2422
8
510
1070
0
804
1721
11
6836
9131
45
1039
1974
6
4186
3210
32
2462
3285
1
3982
4709
4
244
510
0
1736
1334
5
84585
82873
943
2374
1608
25
976
509
5
13573
11441
92
2851
3347
27
4248
3865
42
6670
14168
57
737
746
4
15219
15164
175
2202
1819
16
886
948
4
2754
4122
0
6267
8588
20
5393
4548
25
2146
4366
17
3558
3291
17
658
1256
0
4844
5559
15
9386
8924
120
23708
20535
75
2830
2715
46
27296
35823
321
6911
9743
71
237
853
2
1964
2021
35
6487
7174
46
14707
8385
61
887
1560
3
5182
3251
13
2735
4549
36
1687
2010
0
2214
6146
5
515
389
2
44292
37545
251
5313
7950
31
1354
2181
2
5746
11269
82
1856
3441
3
3760
2468
28
1239
733
7
1096
1068
1
2619
1277
5
4111
5133
22
1664
2520
12
9479
11109
41
1525
3279
8
2989
6611
31
11557
14705
115
11652
11651
140
1623
1325
7
2269
2208
8
1106
3
1968
2059
0
4252
8149
25
2895
6421
29
2439
5038
8
856
719
9
11590
12104
57
3285
2299
21
4281
8401
73
6162
7875
18
1810
2620
4
5080
5023
0
52887
27939
396
5300
6783
44
1304
1477
5
639
2155
18
1253
1294
0
7533
8967
103
19279
14913
76
7594
7856
157
2187
5881
20
9267
21030
52
3939
6917
23
4710
2966
7
3588
5458
17
6083
10315
65
2925
8038
0
2102
3617
11
20997
18410
4
18509
19004
123
3053
2616
26
9474
10532
76
885
1138
2
801
1418
0
7682
9013
36
47179
57327
581
6296
7737
36
10595
11051
33
2866
2620
21
2125
3160
33
1341
615
7
2825
2370
26
6984
6355
27
3982
7751
0
12902
7286
53
3907
7319
60365
22746
23062
126303
1754
34424
12955
2771
18039
1069
24764
19877
22746
6931
269167
61563
14105
7237
29391
5150
18710
11840
6953
5728
197730
3057
32762
3885
166428
148576
19808
65277
1741
16400
50489
9067
50555
5116
33279
6816
4120
7545
21721
2364
2679
2619
11580
2012
4871
10925
8033
9806
4859
20683
10093
15033
46398
5782
6012
10534
16300
10435
8491
5148
19237
10040
8544
20803
5068
6537
8279
12354
2782
2742
2895
11190
20034
24673
8673
3649
4213
4074
5477
2841
3226
7771
12585
2759
4993
2134
27202
7353
7362
3841
15803
4617
75871
4834
6462
18156
21317
10002
16927
4620
78800
31355
9752
10923
13173
25341
2133
35754
3285
14142
10169
7168
5909
2438
5791
27208
8749
44972
7927
28684
4821
7330
10017
27218
44624
15304
5719
278
134357
13775
16226
13671
58385
33912
2584
12815
16611
19299
5394
54479
4871
37138
5257
17493
5909
15173
37609
32199
7657
8833
8218
9261
33851
6334
60237
159649
18952
9016
47796
24308
8579
4806
16975
5014
5917
3651
12007
4878
1999
3881
27891
8643
25271
1118
12813
3898
11843
3957
12229
4341
7496
3245
3107
