429
1557
80
84
237
21
65
666
166
94
152
41
56
62
68
300
340
33
52
123
53
493
265
110
308
499
123
633
71
116
102
16
45
85
638
249
5317
41
703
147
1368
923
27
74
4701
69
139
521
2447
66
1299
824
31
52
163
75
237
1982
531
45
290
169
1290
334
54
22
115
50
60
64
47
88
45
54
46
40
47
50
62
36
33
64
54
64
45
79
43
52
46
30
41
53
27
70
52
46
37
53
51
46
46
67
50
55
48
59
51
69
35
69
39
42
48
42
46
100
52
105
46
103
61
68
76
95
57
79
58
56
82
112
143
104
145
93
60
86
111
68
46
83
69
54
54
48
52
77
59
0
0
0
0
0
0
0
0
0
0
0
0
0
0
0
0
0
0
0
0
0
0
0
0
0
0
0
0
0
0
0
0
0
0
0
0
0
0
0
0
0
0
0
0
0
0
0
0
0
0
0
0
0
0
0
0
0
0
0
0
0
0
0
0
0
0
0
0
0
0
0
0
0
0
0
0
0
0
0
0
0
0
0
0
0
0
0
0
0
0
0
0
0
0
11
88
5
20
0
0
0
6
5
117
4
95
0
1
6
12
27
223
10
75
0
0
37
116
176
1004
64
329
0
0
1
16
40
120
14
54
0
0
1
2
3
42
0
24
0
0
0
0
3
25
5
18
0
0
4
13
33
137
10
50
1
2
0
7
4
37
1
25
0
0
1
10
25
145
22
59
0
0
0
4
5
15
6
52
0
0
1
5
3
151
6
92
0
1
0
0
4
31
4
16
0
0
0
4
61
136
10
36
0
2
0
6
9
149
9
125
0
0
9
25
54
255
58
188
0
3
2
14
23
139
10
62
0
1
2
8
19
249
8
120
0
2
0
1
4
124
4
43
0
0
1
0
1
51
1
45
0
0
1
2
7
127
2
70
0
0
0
2
14
46
7
37
0
0
9
34
118
503
31
124
1
0
0
3
8
46
1
27
0
0
0
4
2
46
2
31
0
0
7
33
72
429
23
121
0
4
1
2
5
39
2
33
0
0
2
7
20
97
10
46
1
1
0
2
16
108
8
75
0
0
1
4
9
125
6
34
0
1
0
3
11
51
0
35
0
0
2
14
14
169
7
103
0
0
0
4
3
62
1
33
0
0
0
0
4
55
1
36
0
0
2
8
19
313
4
199
1
4
0
3
16
89
9
61
0
2
0
1
4
47
1
21
0
0
2
4
3
92
3
52
0
0
0
2
5
98
2
24
0
0
0
4
6
39
14
30
0
0
0
3
6
137
1
45
0
0
2
7
11
83
3
46
0
0
3
18
59
494
10
104
0
1
3
4
5
31
11
22
0
0
3
6
11
63
5
35
0
1
0
4
31
156
10
62
0
0
0
4
17
246
7
94
0
0
1
0
13
31
19
48
0
0
0
1
5
43
2
19
0
0
0
4
4
56
22
55
0
0
1
1
4
24
6
38
0
0
0
9
48
147
9
41
2
5
0
2
11
45
9
34
0
0
0
1
9
77
7
92
0
1
0
4
3
20
1
14
0
0
1
3
6
73
3
53
0
0
0
7
7
70
3
39
0
0
6
15
34
190
14
80
0
0
0
0
0
17
3
19
0
0
42
177
264
1360
129
665
5
12
0
11
7
99
3
66
0
1
11
40
72
430
35
160
0
0
0
0
3
42
2
28
0
0
0
1
1
18
3
13
0
0
6
21
61
355
31
177
0
0
0
0
5
72
5
65
0
0
0
2
24
101
5
46
0
0
0
2
14
118
7
84
0
0
4
4
10
47
5
25
0
0
2
7
15
162
19
157
0
1
0
6
14
66
5
32
0
3
50
126
166
700
97
385
0
0
0
15
27
155
13
120
0
0
1
0
1
39
4
18
0
0
0
5
6
108
8
38
0
0
4664
5143
4
2
110
107
507
629
125
116
25
57
2618
3319
78
87
460
369
1474
1923
34
77
625
548
234
594
45
57
1074
2426
125
361
207
167
31
46
21660
32838
217
348
724
670
39
48
394
306
388
837
15
30
42
44
749
1102
310
433
345
348
5819
8462
779
1000
39
62
3372
6330
3254
5203
91
176
3619
6604
7421
8592
2781
2900
1064
2264
794
766
1595
2022
939
1285
4040
4991
1062
888
368
496
13
19
116
155
958
1499
1499
1637
742
1732
136
245
90
186
50
53
483
1220
145
157
1766
2395
547
651
124
256
744
2406
23
123
926
2904
19
78
3
12
6
18
697
1285
104
384
46
101
0
6
23
54
9
45
4
23
0
20
5
15
45
139
1230
2818
1
13
432
1535
78
205
1135
3683
31
129
59
215
99
237
17
43
31
72
39
74
1
13
12
44
2
6
1089
3062
0
1
2
29
128
228
23
37
727
1913
17
77
1
19
16
72
188
699
0
9
7
49
33
133
49
131
26
98
16
111
12
20
56
103
7
10
41
53
9
47
205
872
3
24
11
73
37
96
13
40
2
9
14
21
1
15
60
113
25
128
5
14
340
1534
2
35
1681
172
1773
132
485
14
444
31
1693
106
757
22
398
50
307
14
420
1282
437
1726
4685
302
236
10
8
142
167
11
17
553
601
1253
1144
4
10
129
130
86
130
153
169
186
172
28
40
8
27
5
11
772
942
256
367
69
84
12
15
21
27
13
16
4
1
5
12
8
11
8
17
13
27
151
154
53
83
1187
1446
9
7
117
117
13
36
13
16
2
4
254
311
440
501
271
344
25
35
2
5
13
12
258
260
228
284
105
112
1289
1501
51
56
43
69
183
263
7
21
1146
1160
290
405
891
944
467
544
912
876
425
601
50
56
122
164
284
304
406
425
210
203
209
224
39
75
23
20
11
14
5
12
390
497
18
26
43
47
15
20
805
354
2178
1371
254
133
585
256
2841
20
593
26
60
270
170
64
255
648
74
14
91
1074
38
137
2
42
30
133
75
85
83
68
97
161
85
724
254
36
16
36
243
91
247
27
50
104
52
69
62
443
67
60
102
89
5
6
41
33
146
48
10
47
95
50
8
5
39
21
17
10
755
528
65
31
27
15
26
14
77
38
132
64
12279
7308
43
18
21
5
47
15
331
163
43
14
2490
1532
28
13
9
5
59
36
36
26
39
12
82
21
92
37
10
5
21
17
125
61
11
7
35
13
7
1
11
6
109
60
64
29
194
67
17
5
77
29
45
17
61
35
37
7
1201
856
191
104
334
170
115
58
1441
950
255
106
19
5
97
34
73
34
66
41
211
146
110
44
710
393
74
19
27
11
31
18
14
12
54
39
781
508
502
441
33
14
48
13
83
45
53
21
55
30
24
7
143
64
507
327
52
7
35
42
15
8
4
0
7
4
17
9
69
22
27
17
310
195
35
15
620
281
12
5
11
9
45
13
666
335
17
5
94
50
342
203
32
25
127
59
14
11
34
10
42
12
23
10
23
8
154
59
1614
788
169
57
645
428
103
56
0
0
29
53
9
10
1
5
1
1
7
13
0
0
0
0
3
6
0
0
6
2
6
2
0
0
3
2
12
10
0
0
0
0
0
0
0
13
37
29
0
0
24
17
2
1
1
2
3
0
0
0
4
13
1
1
57
71
2
2
3
2
18
29
4
5
12
8
7
12
0
0
4
2
3
2
6
1
0
0
30
15
4
3
5
16
0
0
76
38
0
0
0
0
12
16
254
190
4
5
0
0
5
2
88
26
0
0
2
2
0
0
0
0
0
0
0
2
0
0
0
0
0
0
0
0
66
33
2
3
0
0
0
2
1
1
4
3
0
0
1
0
0
0
0
0
55
198
0
0
7
3
0
0
0
2
10
8
1
0
0
0
45
36
0
1
15
11
1
2
0
1
9
14
6
2
14
3
2
4
2
5
3
4
3
12
1
6
0
6
1
1
3
18
1
9
6
7
3
15
2
7
5
4
14
28
15
31
50
162
53
146
13
51
11
35
10
35
14
20
10
30
10
29
7
29
3
27
7
19
7
17
0
14
3
14
6
22
7
12
3
13
5
14
8
20
14
16
25
62
17
61
3
12
0
9
5
17
5
2
1
7
2
7
4
22
4
18
12
18
6
17
29
62
18
42
7
16
1
6
25
91
32
89
3
10
2
9
8
9
3
17
8
24
7
32
32
54
20
40
5
15
3
16
76
135
49
95
3
5
9
12
16
24
11
24
7
25
3
15
4
10
1
11
6
12
0
5
3
14
1
5
5
10
7
16
5
11
2
9
7
19
0
21
5
12
2
20
4
16
7
17
5
17
4
24
11
29
4
10
6
7
4
13
2
8
2
9
3
7
3
7
8
23
7
20
5
29
8
28
11
43
19
42
18
15
14
22
148
159
65
132
8
24
7
23
1
13
1
14
6
15
4
20
24
61
10
50
188
269
137
231
3
9
2
19
4
11
2
4
5
5
1
11
8
15
4
14
4
25
9
18
11
35
13
40
19
60
12
43
9
18
3
14
6
13
3
7
0
10
3
10
1
6
2
2
2
14
4
8
32
44
25
40
4
16
2
12
3
5
1
5
4
21
6
7
5
4
3
6
7
31
6
23
2
14
0
5
239
522
248
610
58
114
35
58
17
27
9
18
2
7
0
4
3
15
3
9
118
215
91
167
2
24
5
11
12
33
11
31
73
113
74
138
10
13
9
27
0
6
1
9
5
16
5
13
1
5
5
12
9
27
13
27
28
60
23
56
18
22
3
26
2
11
1
4
12
39
14
46
5
10
3
19
18
32
3
19
56
103
40
98
1
15
6
20
1
14
5
20
35
36
53
12
73
24
37
264
51
76
87
19
43
43
142
20
31
71
215
1
21
61
21
139
87
42
19
13
11
264
16
19
19
871
21
106
144
7
14
33
37
66
45
25
61
24
255
29
34
40
75
36
6
87
22
2407
141
57
360
32
38
26
107
34
16
21
41
13
41
10
40
11
244
19
38
68
14
34
135
12
19
59
17
56
22
15
60
39
51
86
6
42
180
20
3
32
40
73
30
109
3
16
47
20
142
111
35
38
54
31
22
20
15
261
25
41
19
51
22
82
145
55
423
63
124
68
43
287
760
532
20
21
22
50
37
88
1745
36
76
105
47
39
182
171
44
1372
79
22
805
268
129
287
63
62
128
1698
374
85
91
350
44
55
40
132
190
55
79
194
310
191
147
830
379
17
269
64
157
75
116
95
91
13
41
27
603
768
233
520
2154
2460
183
240
380
396
730
856
248
337
199
298
347
360
746
995
60
103
249
275
230
334
347
276
143
240
1259
1588
25
36
20
31
23
34
46
63
6
5
291
979
272
711
390
805
235
471
59
108
562
1408
291
605
497
848
404
623
66
90
262
387
359
446
367
427
280
360
70
108
37
104
31
85
14
49
43
78
2
4
8
23
4
7
48
34
29
32
1
1
87
280
108
256
175
270
166
278
1
4
35
72
17
50
94
71
80
80
3
6
92
225
20
45
174
177
109
112
13
12
7
18
6
10
55
25
29
31
0
1
123
284
150
322
208
370
188
275
17
39
7
7
11
7
42
29
4
8
0
1
154
384
53
111
200
335
159
270
11
11
200
653
209
452
248
569
111
276
17
33
7
12
5
11
33
37
21
23
2
2
778
2001
417
964
1052
1530
630
853
214
266
283
525
446
668
1569
1287
879
753
172
165
26
67
12
34
84
114
40
45
2
5
1
4
3
5
20
20
11
15
3
3
41
118
38
83
65
101
49
87
7
0
11
55
13
46
43
69
14
20
2
0
39
78
53
101
87
71
120
107
10
9
27
62
37
51
115
133
99
127
14
15
25
55
8
8
21
39
23
34
3
8
638
1713
465
610
1427
3021
82
108
1899
5309
380
700
1166
3390
768
835
4484
10062
41
61
1753
5492
1324
3379
1695
3451
2536
4799
11
13
9
11
143
167
28
35
28
24
12
20
10
7
83
75
155
136
29
24
173
199
47
50
137
156
45
56
43
17
23
26
39
41
34
25
94
108
24
9
42
47
15
26
166
169
59
37
549
473
25
19
21
8
151
104
49
43
56
65
49
39
32
39
456
370
79
82
33
46
14
12
102
67
213
168
494
347
24
27
957
940
4
2
12
12
113
115
40
15
119
107
263
221
8
15
13
10
1149
830
34
39
131
69
57
45
51
53
24
25
116
103
16
13
193
184
56
98
11
38
269
180
56
44
1746
1204
25
35
26
19
13
12
28
24
11
16
26
32
367
413
5
16
25
36
231
238
40
33
12
14
98
106
213
194
63
68
54
55
91
77
651
434
2463
1716
42
24
24
81
731
2131
35
171
75
244
81
166
14
30
139
374
38
156
61
188
141
615
60
156
12
65
111
273
101
328
14
34
15
56
13
40
92
322
827
2682
39
119
56
204
19
101
24
130
51
154
102
279
8
34
2448
7399
29
110
48
119
79
223
77
212
12
61
23
74
53
226
8
35
17
55
7
39
26
58
4
7
42
160
6
28
28
112
6
35
8
52
24
102
58
184
41
140
31
121
52
145
47
197
10
42
78
185
19
104
10
43
263
861
76
308
12
62
51
107
12
44
29
138
16
56
1062
3054
7
26
11
71
19
78
115
333
13
53
18
69
396
1026
240
765
153
438
22
78
275
686
69
208
18
57
11
40
23
110
5
14
33
108
14
66
34
112
477
1485
16
67
5
30
80
261
273
758
11
50
10
88
9
66
10
42
11
56
5
23
19
102
4
44
7
27
9
72
2
19
10
53
14
41
12
104
14
72
11
94
3
54
96
579
54
226
3
34
10
54
4
28
8
50
23
115
101
391
110
798
15
117
4
41
0
8
15
38
76
323
6
57
6
30
5
59
24
155
9
38
40
122
32
145
25
146
8
41
6
50
44
222
9
76
19
82
32
140
41
289
11
62
27
119
17
98
3
25
6
71
8
56
6
40
51
148
11
105
31
99
7
26
18
108
17
77
6
45
5
33
62
296
22
58
6
15
23
71
6
39
8
47
14
69
15
57
16
103
9
59
7
42
7
40
13
56
6
39
25
128
19
133
11
69
2
32
9
33
4
39
7
46
8
79
43
13
19
7
3
1
32
13
27
18
13
5
14
13
22
13
13
2
349
141
127
47
42
8
7
3
68
20
32
23
101
40
6
2
6
4
171
80
14
17
5
5
96
54
12
0
360
185
30
13
95
51
27
6
17
16
5
2
21
12
6
8
9
14
9
9
4
14
11
12
154
88
10
7
2
7
463
185
8
3
8
1
17
11
13
6
5
1
15
5
33
21
11
7
678
314
161
52
334
150
67
39
698
273
0
2
36
34
40
30
39
24
6
5
68
45
17
2
14
10
11
9
13
7
10
5
31
10
20
15
1
2
21
14
7
4
8
9
8
6
12
3
10
13
9
3
67
15
29
15
2
9
4
6
7
9
6
4
18
6
58
21
63
21
19
3
182
90
22
29
36
23
0
3
7
3
27
14
29
21
8
4
7
4
23
6
3
1
7
4
30
11
8
3
8
4
548
233
7
4
73
36
653
154
1843
840
14
16
16
8
22
9
2
3
81
34
14
14
12
5
44
18
22
9
4
6
33
39
0
1
15
9
459
184
10967
517
294
7
11
101
35
32
390
48
319
27
33
3727
64
367
460
1375
1238
605
746
781
679
140
164
139
178
978
742
446
550
782
666
410
237
564
440
1221
870
1414
930
1005
866
1050
801
805
693
93
117
620
429
352
335
792
525
263
199
1614
1255
7
9
70
68
49
35
25
22
53
52
1
2
415
338
44
61
98
35
8
9
0
4
6
12
50
62
33
24
53
48
38
21
202
188
13
11
108
70
17
11
59
52
15
19
251
259
57
50
350
263
403
207
36
36
39
31
146
47
29
31
2
5
135
109
779
1870
88
286
1420
7090
432
1148
113
421
185
515
203
871
117
476
107
222
121
359
185
389
113
326
81
195
578
1749
1986
5661
73
301
77
249
73
442
109
365
121
277
7
38
98
357
186
470
3978
7816
46
146
128
409
185
390
1529
5698
87
195
1924
9631
2694
7157
371
1265
388
1377
1820
1799
277
757
524
1713
50
238
284
590
136
321
162
509
2969
7343
374
1103
662
2011
323
1420
511
1532
352
900
75
205
51
94
73
209
201
660
164
518
2066
7532
123
608
92
237
365
494
618
1103
204
425
128
282
184
531
1280
1332
63
182
40
156
50
61
55
88
117
151
1
1
3
7
2
15
13
36
0
0
5
2
4
2
6
9
0
0
2
2
5
11
7
16
0
0
6
14
9
14
8
22
0
0
4
0
4
19
5
7
0
0
4
13
12
23
14
42
0
0
5
2
2
6
8
6
0
1
2
4
4
12
12
21
0
0
31
83
22
38
63
131
3
2
121
173
142
135
277
329
2
3
20
31
25
23
37
58
1
0
84
124
68
126
99
227
2
2
17
23
9
28
34
80
0
1
0
3
1
8
7
8
0
1
13
22
25
37
26
78
0
0
2
4
9
9
8
6
0
0
36
62
48
69
110
170
0
1
31
61
13
32
46
77
0
0
3
7
20
32
26
29
0
0
1
1
0
2
6
9
0
0
3
7
5
6
6
9
0
0
15
21
22
39
44
84
0
1
3
5
8
20
12
32
0
0
25
41
15
39
51
86
1
1
90
128
106
138
222
312
5
3
3
7
14
24
12
26
0
0
10
23
20
34
16
31
1
0
24
62
62
101
101
165
0
2
8
25
15
31
30
48
0
0
6
7
11
9
16
22
0
0
146
227
82
155
287
357
4
5
4
6
9
12
20
34
0
0
99
256
129
211
269
417
2
5
17
41
26
37
32
85
0
0
60
87
55
106
110
178
0
0
3
1
1
5
0
7
0
0
1
2
2
8
2
9
0
0
22
21
14
20
19
46
0
0
1
2
2
4
5
7
0
0
143
231
181
339
377
599
3
1
3
6
10
14
17
20
1
1
39
50
33
38
53
100
0
2
16
24
27
28
46
89
0
0
37
79
41
64
97
139
0
1
0
3
1
5
7
13
1
0
9
13
10
18
31
39
0
0
0
1
5
1
1
3
0
0
41
98
49
115
88
175
0
0
12
21
23
31
67
70
0
0
64
99
40
87
110
181
1
1
1
1
1
4
3
4
0
0
12
16
13
29
39
51
1
0
3
6
8
14
18
38
0
1
20
29
23
37
44
76
0
0
7
11
12
25
12
66
0
0
5
6
12
16
20
34
0
0
1
3
4
10
8
10
0
2
9
18
18
18
18
23
0
0
381
680
367
639
859
1370
4
8
1
3
4
2
5
20
1
1
3
3
4
7
6
10
0
0
26
56
15
40
43
95
1
0
24
24
19
41
31
68
1
2
84
110
92
111
183
255
3
2
1
1
5
2
4
9
0
0
40
49
35
54
59
140
2
6
72
92
36
76
109
189
0
0
4
4
3
6
3
5
0
0
16
13
12
23
19
50
1
0
13
16
18
22
32
60
0
0
1
1
0
8
17
18
0
0
6
14
12
24
24
21
0
0
35
46
52
91
118
189
5
7
7
16
9
9
7
17
0
0
22
30
36
53
65
92
0
0
7
5
5
17
23
22
0
1
11
14
22
57
40
55
0
2
11
15
38
41
26
72
0
1
44
52
45
82
65
132
0
0
18
31
17
31
25
63
0
0
1
9
5
16
17
50
0
0
5
4
6
8
19
19
1
0
5
19
12
24
13
49
2
3
7
15
11
23
12
25
0
0
13
30
8
17
24
52
0
0
3
7
8
9
8
20
0
0
6
19
13
19
31
56
0
0
0
0
1
2
1
3
0
0
49
130
66
123
121
275
2
2
6
15
4
14
14
30
0
0
549
982
356
763
694
1413
13
13
5
5
4
12
20
32
0
0
0
1
1
3
1
5
0
0
23
34
23
39
54
83
3
2
20
29
16
33
55
80
1
1
14
18
12
47
14
44
0
0
10
21
12
25
34
53
0
0
4
13
13
25
10
30
1
0
4
8
9
8
14
23
0
0
0
16
6
1
10
4
4
293
628
7
11
3
6
2
7
10
2
229
1
1
2
2
3
4
7
11
13
12
13
72
10
7
1
19
8
28
5
2
39
5
4
4
76
1
45
6
40
2
11
31
134
7
64
27
151
112
201
126
68
105
54
555
60
61
275
305
72
168
62
56
2202
68
90
349
160
257
32
2478
76
32
143
315
69
1566
124
44
36
48
53
45
32
88
30
159
95
433
73
362
77
573
844
53
456
112
283
32
75
156
26
989
17
75
168
13
79
44
50
79
22
315
51
67
183
119
134
96
101
81
715
969
375
174
100
47
20
296
109
199
72
231
40
6
6
62
1
1
19
2
2
14
0
1
4
3
6
24
3
4
26
11
3
65
5
3
71
112
4
364
10
5
99
13
12
119
2
1
15
2
0
2
232
58
706
1
8
16
46
13
221
4
6
18
3
3
35
22
8
166
5
5
55
16
5
59
1
0
8
0
2
3
21
12
137
6
8
50
19
5
108
0
1
5
0
3
13
0
0
3
1
2
3
1
2
26
0
5
17
7
4
35
0
1
13
2
5
28
4
9
97
3
3
20
1
0
21
0
4
11
5
6
68
9
8
62
20
10
108
0
4
20
0
5
19
3
1
19
11
5
83
13
3
107
2
2
56
4
6
44
8
7
36
22
16
171
1
10
30
2
2
11
5
2
28
675
57
1962
14
10
83
12
13
133
8
4
61
5
2
46
27
29
197
9
4
94
22
7
108
40
19
180
0
5
17
4
2
7
37
32
209
8
2
57
7
3
76
13
13
93
2
11
20
2
1
8
430
69
1750
33
18
155
26
14
150
2
3
29
4
5
19
3
13
28
33
57
335
617
1011
2380
130
209
158
291
171
260
42
87
63
92
422
1107
258
451
1
2
12
33
9
40
55
117
637
1013
57
64
223
421
146
247
10
28
1349
2296
214
205
403
645
56
80
844
1544
13
22
2974
4715
212
449
1
2
89
118
90
231
46
105
10
34
75
120
1426
3489
2
10
254
496
294
7
914
436
2813
832
4
0
10
2
0
0
0
0
9
4
0
0
47
10
159
33
0
0
0
0
68
22
0
0
2
0
8
1
0
0
0
0
9
1
0
0
21
8
129
39
0
0
0
0
28
11
0
0
0
1
8
1
0
0
0
0
9
5
0
0
0
1
15
9
0
0
0
0
4
2
0
0
38
13
126
30
0
0
0
0
50
22
0
2
51
23
153
41
0
0
0
0
72
13
0
0
2
0
9
3
0
0
0
0
7
2
0
0
155
39
318
59
2
0
2
1
262
55
4
1
4
1
24
5
0
0
0
0
20
4
0
0
4
0
24
5
0
0
0
0
9
6
0
0
0
0
18
11
0
0
0
0
10
0
0
0
7
0
16
7
0
0
0
0
19
6
0
0
4
0
33
4
0
0
0
0
19
3
0
0
5
6
41
17
0
0
0
0
31
5
0
0
3
0
22
6
0
0
0
0
11
3
0
0
50
23
127
38
0
0
0
0
61
21
1
1
2
1
21
2
0
0
0
0
16
5
0
0
3
1
25
7
0
0
0
0
13
2
0
0
26
3
92
22
0
0
1
0
75
20
0
0
14
4
48
15
0
0
0
0
29
10
2
0
114
56
484
149
4
1
1
2
95
19
0
0
8
0
48
9
1
0
0
0
38
8
0
0
3
0
11
3
0
0
0
0
8
7
0
0
75
27
221
46
0
0
0
0
99
18
2
0
3
3
22
2
0
0
0
0
7
2
0
0
16
2
47
13
0
0
0
0
27
10
0
0
12
5
53
25
0
0
0
0
26
4
2
0
6
3
45
11
0
0
0
0
16
6
0
0
0
0
10
2
0
0
0
0
8
3
0
0
84
35
253
67
0
0
3
1
56
14
1
1
5
1
20
10
0
0
0
0
15
7
0
0
2
0
12
7
0
0
0
0
19
3
0
0
1
0
6
1
0
0
0
0
13
3
0
0
4
3
34
5
0
0
0
0
22
10
0
0
9
5
51
15
0
0
0
0
28
5
0
0
12
4
62
19
0
0
0
0
32
6
0
0
15
6
108
21
0
0
0
0
39
12
0
0
136
50
334
65
0
0
3
0
258
65
1
0
3
0
9
3
0
0
0
0
9
2
0
0
40
18
244
60
2
0
0
0
91
12
0
0
12
3
75
18
0
0
0
0
65
13
0
0
0
0
24
6
0
0
0
0
12
1
0
0
7
1
34
9
0
0
0
0
21
11
0
0
57
18
238
68
0
0
1
2
100
22
2
0
645
281
63
62
1308
810
161
106
141
379
308
220
139
38
164
694
59
383
9737
108
91
574
153
267
74
281
305
121
102
629
65
320
3483
10
123
204
336
84
131
260
125
97
99
70
311
87
4594
16
98
189
63
408
686
84
617
168
230
775
285
239
57
250
2099
78
131
142
86
38
25
76
649
218
644
489
3057
62
99
1031
6135
113
114
1225
1496
401
50
93
71
35
235
1121
54
319
146
2386
1780
22
6
10
0
75
6
31
1
4
1
0
0
58
2
33
0
2
1
30
3
128
16
1
2
27
6
440
48
2798
2113
15
0
1
0
13
0
91
7
417
46
252
118
14
0
1
0
6
0
24
6
15
0
34
9
47
33
6
0
15
0
336
15
7
2
3
6
17
3
6
0
50
2
36
0
8
0
12
3
3
0
5
0
9
0
1246
272
1
2
19
14
191
29
5
2
3
0
26
8
77
3
3
0
4
1
1
0
8
0
2
0
5
0
3667
550
5
0
17
0
3
0
1092
276
11
0
2
0
8
0
1
0
13
0
12
1
89
10
0
0
1445
81
220
37
35
3
13
0
23
3
26
0
5
0
2
0
1
0
1091
125
8
0
18
0
11
0
10
1
393
1
4
0
16
4
0
0
2
7
15
1
16
0
136
35
113
29
30
1
211
27
31
2
1
1
40
2
3
2
0
0
27
0
5129
47
42
7
1
0
6
0
418
38
3
0
75
7
865
32
26
0
16
5
71
7
31
2
7
1
28
1
5
0
71
23
10
2
2
0
9
0
23
13
7
3
3
0
199
20
2
0
28
0
142
15
19
0
17
3
146
15
46
14
1
0
3
0
51
8
4
0
0
0
2
0
29
0
4
0
7
0
28
24
7
2
24
0
8
6
16
1
14
8
29
0
27
0
0
0
6
0
16
1
0
0
276
46
2
0
10
1
8
0
2
0
2
5
33
1
60
0
6
0
243
101
1
0
45
13
2
0
126
3
24
2
2
0
1
0
24
5
526
92
21
0
10
0
0
0
83
22
53
2
5
0
10
1
368
8
3
2
1
0
51
24
27
4
11
0
158
28
4
0
21
0
50
5
126
16
12
0
13
0
129
37
3
0
5
0
7
0
8
2
21
1
0
0
13
0
121
21
11
0
50
9
7
4
2
0
39
2
93
3
0
0
2
0
15
1
4
0
4
3
5
1
254
14
10
8
63
0
2
0
3
0
1
0
4
0
10
0
2617
404
150
23
2
0
10
0
1
0
19
2
96
16
2094
379
11
0
11
0
22
5
7
0
29
2
47
8
33
35
103
8
63
3
82
0
26
0
20
9
233
0
36
0
3
0
125
10
11
0
0
0
790
243
39
10
1
0
47
3
40
6
6
0
18
1
4
0
12
0
0
0
0
0
0
0
6
19
0
0
0
0
0
0
55
333
0
0
0
0
0
0
217
1663
0
0
0
0
0
0
18
115
0
0
0
0
0
0
0
5
0
0
0
0
0
0
597
2667
0
0
0
0
0
0
9
90
0
0
0
0
0
0
8
64
0
0
0
0
0
0
11
12
0
0
0
0
0
0
23
46
0
0
0
0
0
0
78
479
0
0
0
0
0
0
5
37
0
0
0
0
0
0
8
40
0
0
0
0
0
0
5
93
0
0
0
0
0
0
13
166
0
0
0
0
0
0
0
5
0
0
0
0
0
0
2
16
39
178
138
655
2026
11246
0
0
0
0
0
0
17
113
0
0
0
0
0
0
19
138
0
0
0
0
0
0
14
79
0
0
0
0
0
0
65
158
0
0
0
0
0
0
81
510
0
0
0
0
0
0
29
124
0
0
0
0
0
0
853
4211
0
0
0
0
0
0
45
411
0
0
0
0
0
0
187
1317
0
0
0
0
0
0
3
15
0
0
0
0
0
0
482
1428
69
638
74
513
64
491
364
2496
12
123
59
792
13
182
50
508
52
539
37
417
89
965
156
1037
143
754
128
919
12
12
0
210
159
4
465
240
10
4
8
0
9
3
1
17
24
0
10
19
0
823
405
13
55
61
0
2
3
0
87
98
0
1
3
0
34
26
0
19
10
0
3
2
0
7
8
0
12
9
0
7
9
0
50
46
0
12
24
0
11
27
0
2
0
0
1
10
0
33
79
0
417
172
2
473
290
4
27
20
0
36
10
0
4
5
0
2
5
0
36
45
0
4
10
0
91
25
7
10
2
0
17
12
0
2
3
0
5
2
0
2768
2078
39
59
46
0
46
22
1
140
83
0
21
14
1
35
14
2
26
47
1
13
3
1
101
69
2
53
29
1
3
3
0
8
13
0
31
24
1
26
32
1
6
5
0
28
15
0
2
8
0
14
10
0
172
121
8
141
116
3
72
44
0
461
404
8
14
16
0
1
1
0
27
20
0
15
7
0
169
53
1
5
6
0
39
24
0
6
8
1
10
6
0
2
13
0
13
6
0
830
540
7
31
27
0
5
2
0
213
146
3
12
17
0
56
29
1
10
7
0
9
11
0
11
5
0
12
13
0
11
10
0
144
103
1
13
16
0
24
23
0
176
175
5
285
198
14
7
3
0
14
8
0
7
0
4
4
0
37
29
0
10
18
0
8
7
0
17
35
0
34
41
1
23
15
0
70
103
2
1
36
0
11
21
0
20
18
0
881
37
22
34
25
0
13
17
1
5
10
0
5
6
0
336
373
3
162
84
1
84
80
2
14
24
0
78
96
1
9
9
0
0
0
0
9
15
0
15
24
0
12
20
0
0
0
0
167
131
0
190
178
4
44
23
0
73
86
1
4
5
0
2
5
0
34
23
0
507
513
9
59
50
1
57
36
0
21
19
0
26
12
1
32
13
0
45
24
0
13
18
0
13
14
0
117
70
0
18
41
36
86
354
902
156
346
241
346
1126
2330
5
17
243
401
57
150
10
24
110
232
2
10
112
275
200
246
216
462
146
181
5662
10220
723
1296
101
197
50
103
177
294
15
44
175
261
81
171
46
70
31
54
2126
4224
73
132
287
630
28
54
2003
3947
1297
2645
77
179
979
1562
19
11
132
270
726
1255
128
198
321
713
23
181
33
25
26
118
10
8
17
61
12
11
60
21
43
19
106
37
119
278
21
22
25
111
47
36
17
74
24
23
191
13
39
20
62
6
15
22
52
91
95
40
10
26
11
23
11
9
27
51
10
32
8
111
16
1
41
6
39
13
74
7
29
33
773
0
42
1
23
6
133
5
132
2
202
15
96
0
30
216
1922
11
179
10
80
1
156
11
75
21
368
0
4
17
206
0
12
10
108
10
105
1
48
4
90
1
12
1
25
9
224
2
66
35
501
5
60
20
457
4
26
3
34
0
44
10
230
13
377
5
67
2
27
0
3
214
2790
3
137
2
62
3
97
34
367
19
391
2
18
5
318
11
90
31
205
1
21
43
570
0
46
14
456
0
27
15
146
1
40
3
55
2
403
13
427
1
222
3
82
6
60
0
67
15
304
4
50
28
214
54
1364
4
114
0
49
38
509
9
213
478
116
391
123
111
57
387
105
46
88
1066
206
695
28
310
110
321
90
296
343
200
71
47
