65
241
14
11
33
6
8
67
28
16
23
9
9
10
13
36
39
7
6
17
4
81
28
24
40
75
19
75
4
16
18
1
13
9
86
31
731
4
90
18
250
173
5
10
931
10
9
57
334
10
178
152
2
11
20
8
45
326
71
3
41
31
167
42
6
3
10
73
75
127
74
79
110
76
59
93
75
97
61
69
70
88
103
64
50
46
66
74
41
137
118
101
66
76
97
96
75
68
69
79
99
101
77
27
37
19
28
0
126
54
12
192
306
74
0
380
8
2
0
508
22
116
0
138
46
30
0
87
21
4
2
0
27
16
8
4
28
10737
287
109
5
401
118
57
57
1
275
2336
495
17
2848
852
228
4
1084
59
21
1
81
657
127
0
784
273
40
13
2
328
0
18
3
0
21
0
9
2
0
11
1
52
29
0
82
18
562
236
0
816
1
28
12
0
41
0
1
1
0
2
0
8
4
0
12
0
33
18
0
51
1
4
1
0
6
0
23
13
0
36
1
16
6
0
23
1
26
22
0
49
0
3
4
0
7
0
12
11
0
23
0
21
18
0
39
0
126
71
0
197
1
65
50
0
116
1
42
13
0
56
0
20
5
0
25
0
3
6
0
9
0
5
3
0
8
3
12
9
0
24
1
238
53
0
292
0
22
20
0
42
1
10
8
0
19
4
170
45
0
219
0
25
9
0
34
0
33
11
0
44
0
12
14
0
26
1
34
14
0
49
0
9
2
0
11
0
45
18
0
63
0
13
8
0
21
0
14
8
0
22
1
25
31
0
57
0
19
12
0
31
0
2
1
0
3
0
13
10
0
23
0
5
0
0
5
1
8
4
0
13
0
8
8
0
16
1
17
19
0
37
0
110
34
0
144
0
17
15
0
32
1
11
11
0
23
1
26
18
0
45
0
30
9
0
39
0
6
3
0
9
0
7
2
0
9
0
1
4
0
5
0
5
5
0
10
0
22
8
0
30
0
8
9
0
17
0
7
7
0
14
1
8
5
0
14
0
9
9
0
18
0
24
10
0
34
6
81
28
0
115
0
6
7
0
13
12
471
347
1
831
0
17
12
0
29
1
221
84
0
306
0
8
6
0
14
0
4
9
0
13
4
148
107
0
259
1
11
7
0
19
2
22
10
0
34
1
13
9
0
23
1
8
14
0
23
0
27
20
0
47
0
23
10
0
33
9
397
250
0
656
0
83
70
0
153
0
1
3
0
4
0
11
8
0
19
2524
2
130
505
121
22
2356
38
733
1117
47
329
90
40
1039
130
98
53
12870
181
637
42
202
267
17
52
676
297
341
6748
1546
54
3121
3237
91
2405
7487
1871
755
880
1687
899
4090
608
407
13
99
801
1128
622
141
94
25
452
128
1745
440
132
1403
40
2192
49
8
3
1263
371
106
0
63
15
7
7
35
90
2089
1
1977
170
3001
116
141
155
28
75
83
6
11
6
2785
4
13
200
35
1760
30
7
39
501
4
21
86
142
63
29
21
109
10
51
7
355
18
22
135
13
5
23
6
165
110
8
1130
21
1765
1613
407
444
1206
667
381
246
323
1270
445
619
36
388
27
1462
1797
17
330
240
483
525
88
29
18
1843
648
212
18
48
33
9
19
14
13
38
278
101
2368
19
223
54
34
6
607
970
560
54
11
18
660
547
231
2096
134
258
594
25
2056
475
1650
1014
1876
1017
86
535
809
910
748
378
249
38
18
14
1012
75
180
30
8
6
6
1
59
15
183
242
14
15
215
13
16
8
79
110
33
39
3
115
3
216
137
9
571
6
28
869
297
6
298
3
2335
22
31
338
18
415
11
17
35
66
22
1557
13
7
63
233
1
1
111
19
22
12
44
377
167
701
25
2507
75
3
124
94
31
45
1923
63
450
7
39
61
42
14
445
339
12
208
25
9
19
9
5
40
33
13
46
45
75
15
15
140
81
11
57
11
30
25
28
5
18
41
9
49
29
255
190
164
26
402
39
84
15
29
47
14
33
4
35
12
275
149
3
11
3
115
47
3
28
5
1
19
9
7
7
37
35
18
27
2
102
10
7
68
25
132
249
24
5
17
23
1
5
60
128
6
8
4
9
492
1769
139
333
1546
9
205
11
20
87
73
24
126
355
25
1
4
442
15
18
0
9
9
44
28
27
36
23
24
88
19
424
153
22
4
6
136
23
80
9
13
25
11
23
37
179
35
14
9
2
8
0
1
1
0
108
5
1
1
4
14
1306
3
0
48
17
1
466
4
0
6
0
0
3
0
0
0
18
4
0
2
15
3
22
3
0
3
8
0
170
0
47
3
261
23
5
4
1
6
32
5
88
1
3
0
14
146
72
0
0
5
5
10
0
24
0
3
6
1
0
0
0
0
7
32
0
66
2
0
2
67
13
0
0
8
5
0
0
0
8
230
15
34
0
102
1242
301
22
26
406
65
48
71
365
61
85
34
55
161
68
126
311
160
409
42
294
56
64
45
96
202
82
1817
375
115
685
122
268
123
109
75
40
86
64
596
86
283
65
1094
297
137
350
2768
135
27
77
424
116
262
34
125
14
43
65
29
37
31
635
66
33
102
69
63
60
39
138
76
680
56
121
36
12
612
52
21
400
38
267
68
24
182
89
173
112
89
139
6
14
20
4
5
9
5
23
28
4
18
22
2
6
8
12
53
65
77
171
248
22
58
80
16
49
65
9
36
45
3
19
22
3
20
23
3
12
15
10
19
29
9
21
30
16
30
46
40
63
103
6
17
23
3
8
11
0
10
10
9
24
33
8
26
34
29
62
91
4
7
11
98
223
321
1
5
6
4
9
13
16
35
51
26
54
80
20
14
34
64
139
203
2
10
12
6
39
45
7
22
29
6
12
18
6
9
15
8
16
24
6
17
23
7
22
29
6
22
28
8
13
21
8
19
27
5
31
36
18
14
32
4
4
8
6
11
17
2
9
11
18
30
48
13
24
37
31
69
100
12
31
43
132
270
402
13
39
52
2
9
11
3
21
24
21
66
87
204
463
667
8
8
16
2
9
11
6
14
20
16
30
46
13
28
41
23
74
97
25
52
77
13
29
42
5
19
24
2
9
11
2
4
6
8
10
18
21
66
87
5
17
22
2
4
6
9
19
28
3
11
14
14
31
45
5
15
20
258
953
1211
49
141
190
8
25
33
2
1
3
6
7
13
130
309
439
6
15
21
19
59
78
62
241
303
3
38
41
1
6
7
6
13
19
2
18
20
13
39
52
44
127
171
17
31
48
4
8
12
14
39
53
4
17
21
27
19
46
64
95
159
5
8
13
2
7
9
27
15
43
9
41
26
26
209
6
1
42
5
7
34
20
27
4
47
84
6
41
7
327
5
8
71
10
59
31
55
50
5
2
9
3
1
16
4
13
77
1
3
22
57
9
8
27
3
37
4
276
3
13
8
78
37
34
74
9
106
11
67
8
4
24
34
11
7
48
10
12
13
11
81
22
3
145
9
21
183
5
6
7
123
12
23
3
8
6
13
3
10
59
14
2
21
0
11
3
24
7
480
1239
197
2332
7
16
45
7
39
10
11
331
33
54
51
8
12
16
114
19
20
54
232
4
11
27
12
58
51
13
11
6
6
130
14
8
18
669
9
46
80
3
12
28
19
44
27
6
46
21
154
16
22
13
51
21
2
57
9
1167
105
20
368
15
30
15
60
10
12
12
20
12
23
12
33
7
174
13
15
46
4
12
97
9
10
38
8
38
11
5
29
6
25
51
9
20
181
10
2
16
18
33
13
72
0
16
28
16
115
88
26
32
17
17
16
6
8
200
16
10
9
32
12
69
9
0
42
4
0
14
100
0
241
6
0
22
14
0
44
17
0
47
3
0
10
59
1
176
71
0
304
102
0
277
0
0
5
0
0
1
0
0
0
0
0
5
2
0
15
3
0
20
303
0
967
0
0
3
11
0
24
8
0
38
5
0
18
0
0
24
15
0
54
10
0
47
5
0
15
240
2
731
13
0
33
2
0
13
137
0
437
52
0
129
21
0
58
84
0
237
2
0
7
10
0
22
16
0
42
243
0
763
47
0
152
11
1
22
6
0
21
52
0
166
3
0
5
4
0
13
1
0
9
13
0
53
33
0
97
4
0
15
6
0
15
9
0
29
15
0
67
18
0
46
6
0
36
280
0
656
52
0
164
0
0
4
30
0
114
3
0
14
21
0
61
8
0
50
10
0
30
17
0
32
20
0
40
2
0
7
14
0
24
4
0
8
370
180
1244
119
222
581
148
148
200
576
63
162
155
137
82
866
130
2141
2240
892
297
84
845
291
334
57
970
75
1023
1246
60
2416
1038
174
32
409
109
363
205
139
684
323
1222
53
1948
259
931
412
4541
33
2040
1515
1324
2450
26
23
367
76
70
42
13
178
195
54
360
77
262
94
75
66
90
72
220
31
86
56
310
88
679
46
24
351
74
95
75
70
659
173
66
23
116
332
680
67
1947
6
27
206
77
226
545
13
21
1695
63
167
74
109
45
252
67
382
153
27
369
133
2926
71
44
14
68
12
66
966
35
48
360
92
11
172
379
138
123
159
935
2654
102
31
1137
58
97
118
6
160
67
79
413
54
16
185
141
16
12
15
157
1346
50
72
23
40
46
157
11
3585
43
54
108
95
12
36
96
18
25
15
28
11
57
13
64
1
15
28
84
49
57
64
54
15
81
15
18
494
146
39
62
13
52
23
1331
7
24
30
155
22
16
494
302
33
507
338
89
20
18
46
5
57
11
52
894
21
15
93
474
24
18
26
17
4
5
9
9
1
11
7
2
10
12
7
14
12
234
77
2
12
12
8
54
212
165
8
5
5
16
143
9
4
3
48
5
81
74
42
13
6
89
18
26
46
169
21
22
16
5
7
18
5
65
16
64
8
20
21
12
9
220
6
1
11
7
21
10
5
29
11
17
3
12
13
35
22
12
5
8
8
12
9
78
90
18
97
93
19
57
50
28
1037
352
89
26
225
162
317
20
8
504
43
27
369
19
1268
90
379
71
40
20
45
25
43
48
26
49
416
47
16
1254
21
13
72
21
7
50
106
28
1692
468
947
222
905
13
109
161
116
32
245
41
36
33
32
30
73
40
8
77
22
61
25
39
63
34
173
63
20
46
26
16
51
172
160
35
535
133
115
7
32
89
82
17
27
63
20
12
67
17
15
2048
32
174
861
4489
70
55
90
11
161
46
58
141
39
19
127
9
46
41
21
8
30
65
3
267
17
36
5
26
31
5
58
449
579
2
28
2
14
53
51
8
91
332
6
51
29
5
7
24
554
20
77
1
10
21
5
25
4
200
26
21
24
48
10
142
42
22
22
14
5
19
4
1
614
89
11
1
2
3
21
27
5
6
169
19
25
135
44
10
22
27
28
20
25
33
37
41
40
14
37
112
1705
1
22
9
7
8
76
5
5
4
0
4
143
40
6
1
5
36
3
23
21
13
23
27
0
17
35
1248
94
5
0
114
4
30
23
13
37
20
44
6
9
28
17
79
13
33
20
2
43
755
97
72
85
11
8
4
17
17
1
8
12
91
30
9
3
55
210
94
3728
142
113
5
9
30
18
9
172
9
93
10
18
1382
17
173
158
256
91
348
1280
520
1010
423
166
288
1158
527
510
107
87
682
406
517
321
390
884
874
888
585
372
87
667
272
688
190
224
808
474
0
0
5
5
34
18
0
0
10
0
8
15
8
24
30
0
0
0
41
149
116
0
25
30
5
27
21
0
0
0
0
0
0
0
0
0
0
24
16
9
20
19
17
105
53
0
12
13
7
21
41
0
0
0
21
44
39
0
0
0
5
11
13
0
11
15
23
96
73
0
9
19
61
208
94
43
133
98
0
7
10
7
16
13
7
23
18
0
18
14
0
0
0
21
57
38
143
15
59
82
28
24
44
37
28
26
30
22
15
116
401
9
8
11
27
29
2
18
26
272
7
33
62
433
24
367
551
93
66
240
72
81
21
38
27
40
251
90
68
48
123
70
14
9
12
29
55
385
13
32
58
77
41
28
41
253
0
14
120
162
21
2
26
38
1
1
7
8
2
0
11
15
0
0
3
18
28
0
3
0
16
13
35
39
2
0
0
0
6
7
10
19
1
0
2
98
257
29
279
334
43
2
77
14
46
0
40
1
229
257
33
82
5
0
12
9
3
0
61
91
7
0
16
22
1
0
99
178
12
0
13
0
73
165
32
24
1
0
4
14
3
0
4
10
2
0
72
46
3
0
13
21
0
0
0
122
14
95
3
210
269
34
53
28
4
0
0
48
64
9
152
14
0
134
82
9
42
0
24
17
2
0
49
213
484
3
0
0
12
24
310
503
63
10
104
6
60
1
183
210
28
3
12
5
0
0
9
0
9
2
31
72
4
2
7
0
0
8
339
633
59
2
17
24
0
0
143
23
2
101
59
85
4
0
13
0
121
157
0
7
10
0
33
51
7
0
7
1
0
0
37
159
236
0
37
63
1
1
197
314
21
4
2
0
0
8
70
7
0
36
19
42
1
0
9
0
64
121
2
28
45
6
31
1
28
0
11
8
0
1
42
1
32
0
167
11
1539
979
7
14
2
0
22
1
13
1
131
119
31
1
39
65
3
2
249
38
8
311
7
6
0
0
197
14
17
152
114
197
19
0
18
11
1
0
2
0
32
32
50
111
3
2
13
8
1
0
0
18
33
1
6
135
181
11
21
29
0
0
68
104
8
0
13
20
2
0
36
44
1
0
74
7
47
2
15
0
106
119
40
41
6
0
22
33
0
0
0
7
17
2
32
0
54
6
36
49
2
0
0
39
46
3
17
23
1
0
29
46
1
1
2
5
0
0
196
365
31
3
20
14
2
0
1512
1757
248
27
6
15
1
0
4
2
0
0
54
96
7
3
9
55
109
1
6
0
42
41
40
49
2
1
0
3
31
22
13
22
3
0
14
102
36
8
59
20
12
954
1665
25
49
27
22
23
21
31
15
497
23
21
13
16
42
16
33
20
47
74
60
319
58
34
19
34
23
82
51
31
150
66
36
8
11
3
221
16
196
25
71
97
476
22
233
27
211
135
188
120
96
81
59
894
49
116
336
657
88
189
66
80
2419
97
89
770
205
370
40
3503
82
50
251
568
58
2420
218
63
38
68
54
56
58
125
37
111
159
595
82
476
98
844
1072
124
412
119
523
28
72
311
15
1313
32
76
148
13
107
36
60
136
34
398
101
93
234
133
144
95
129
104
807
1346
403
181
241
58
20
829
124
220
79
394
40
0
4
16
20
0
0
6
6
0
1
7
8
1
0
7
8
1
2
23
26
0
1
8
9
4
11
49
64
3
7
42
52
36
59
357
452
3
12
49
64
5
10
60
75
4
9
13
26
0
0
0
0
83
116
669
868
0
2
1
3
8
22
157
187
0
3
3
6
1
4
15
20
7
16
124
147
3
2
42
47
3
6
50
59
1
0
1
2
0
1
14
15
9
13
87
109
1
6
27
34
11
17
74
102
0
0
6
6
0
1
1
2
0
0
4
4
1
0
6
7
3
9
12
24
1
3
10
14
2
6
42
50
0
1
9
10
0
3
19
22
5
2
69
76
0
7
21
28
0
0
9
9
0
4
3
7
5
9
54
68
2
10
62
74
12
18
116
146
0
1
12
13
0
4
11
15
0
9
14
23
2
12
61
75
9
8
72
89
1
1
31
33
1
4
23
28
3
6
26
35
5
15
85
105
3
9
16
28
2
3
15
20
1
1
13
15
237
117
1815
2169
3
8
61
72
6
18
73
97
1
9
33
43
1
5
31
37
9
45
219
273
5
16
49
70
2
10
67
79
8
23
118
149
3
4
8
15
0
1
3
4
11
33
207
251
4
4
27
35
0
7
45
52
3
7
69
79
0
6
15
21
0
0
7
7
120
100
1672
1892
8
46
142
196
8
33
123
164
1
3
16
20
0
4
9
13
0
4
21
25
43
231
1085
85
144
101
47
53
526
208
6
14
13
56
433
33
159
110
11
851
114
362
34
610
17
1342
235
3
55
118
52
17
73
1520
5
295
238
102
2
342
2399
856
47
3302
156
25
1
182
387
113
2
502
72
27
1
100
871
219
4
1094
213
60
1
274
148
29
3
180
1329
569
6
1904
512
151
2
665
271
63
3
337
13
4
0
17
136
35
0
171
366
104
0
470
1261
502
13
1776
68
23
0
91
137
45
1
183
81
19
0
100
163
29
1
193
175
38
1
214
700
220
1
921
626
195
11
832
986
299
15
1300
60
15
0
75
517
160
9
686
127
41
1
169
8
1
0
9
356
97
4
457
16
6
1
23
75
14
1
90
91
16
1
108
147
46
1
194
107
23
1
131
52
12
0
64
316
104
5
425
1388
324
15
1727
144
35
0
179
316
70
4
390
619
223
13
855
460
174
6
640
246
46
4
296
94
14
0
108
242
67
3
312
66
29
0
95
266
132
3
401
1800
687
21
2508
45
13
0
58
562
240
11
813
202
52
1
255
144
20
0
164
1766
517
43
2326
87
50
0
137
52
4
0
56
296
73
0
369
69
21
0
90
152
35
2
189
9
3
0
12
108
22
1
131
125
19
0
144
86
13
1
100
107
30
0
137
89
24
0
113
408
110
6
524
89
36
0
125
730
239
2
971
69
20
1
90
1121
286
15
1422
40
37
27
7
13
61
98
73
42
56
19
15
21
20
22
42
34
10
42
24
2
39
92
28
26
54
52
139
29
13
31
75
20
31
156
18
35
38
33
0
21
17
0
0
0
38
8
201
228
0
0
0
437
0
1
3
0
0
0
4
12
154
273
0
0
0
439
2
9
3
0
0
0
14
2
12
14
0
0
0
28
26
235
272
1
0
1
535
32
244
339
0
0
0
615
1
14
14
0
0
0
29
63
818
784
0
0
0
1665
0
21
40
0
0
0
61
0
30
30
0
0
0
60
1
13
24
0
0
0
38
2
26
15
0
0
0
43
0
34
29
0
0
0
63
4
49
48
0
0
0
101
1
4
16
0
0
0
21
7
246
191
0
0
0
444
1
33
27
0
0
0
61
3
7
19
0
0
0
29
8
89
109
0
0
0
206
5
95
60
0
0
0
160
29
683
1187
1
7
2
1909
2
58
60
0
0
0
120
2
11
5
0
0
0
18
18
259
367
1
0
0
645
6
33
24
0
0
0
63
1
69
64
0
0
0
134
0
141
93
0
1
0
235
1
25
61
0
0
0
87
0
78
16
0
0
0
94
17
318
471
1
0
3
810
1
17
24
0
0
0
42
0
14
12
0
0
0
26
0
16
6
0
0
0
22
0
23
32
0
1
0
56
11
68
113
0
0
0
192
1
43
30
0
0
0
74
7
148
179
1
0
0
335
28
442
487
0
0
1
958
0
18
16
0
0
0
34
9
262
396
3
0
0
670
5
58
68
0
1
0
132
0
1
20
0
0
0
21
0
7
18
0
0
0
25
22
453
398
0
2
1
876
5
33
4
16
112
72
17
2
37
5
13
11
42
88
9
36
53
20
13
3
3
3
32
6
18
15
4
19
7
8
5
59
17
4
3
1
3
13
22
121
227
7
11
10
5
106
3
5
673
14
17
483
4
8
12
3
13
5
4
17
7
35
56
16
79
4
44
76
25
35
101
143
46
67
5
12
1
3
46
72
41
60
8
9
53
76
187
299
6
7
26
40
554
844
3040
4310
49
67
1
1
33
51
81
138
715
932
530
796
19
40
1
4
5
8
46
80
30
52
120
172
66
93
15
24
27
33
315
442
14
22
6
8
19
32
2
4
108
144
67
91
6
11
10
21
6
9
7
9
8
11
2610
3508
0
0
34
45
517
699
12
25
0
3
64
107
120
161
1
2
1
3
2
3
5
10
4
10
2
5
4079
6273
17
24
13
19
4
8
2291
3100
9
24
2
2
3
5
5
8
7
13
18
27
128
190
1
1
969
1461
371
521
65
95
9
18
51
82
38
76
7
10
7
11
2
3
1472
1929
11
17
17
37
5
15
12
22
733
997
6
9
62
91
0
2
7
16
21
28
22
31
231
343
182
248
46
72
381
527
35
57
4
5
10
23
5
9
1
3
55
89
6537
9727
92
135
7
8
8
12
729
979
6
7
104
152
587
805
46
78
22
34
133
194
37
65
22
33
27
44
4
4
140
237
24
40
0
2
4
12
14
23
25
48
10
14
284
410
2
3
16
32
331
454
19
33
7
16
210
320
141
195
1
2
5
5
122
161
6
10
0
0
6
7
27
36
1
1
4
4
42
71
6
13
49
63
14
19
15
35
18
34
58
88
27
44
6
11
10
13
54
75
0
0
576
793
5
14
12
17
13
18
7
7
8
12
52
67
34
46
9
17
432
696
1
2
77
103
2
5
237
363
29
42
9
9
6
11
20
36
1126
1672
10
25
11
22
2
2
86
127
43
76
4
7
12
26
464
663
9
12
4
4
94
128
34
54
11
23
353
534
5
9
16
24
79
100
131
210
4
9
19
23
279
403
0
2
9
12
2
7
20
22
5
12
3
3
19
38
247
374
9
15
49
81
7
12
8
17
36
49
82
131
7
12
3
7
18
27
7
12
22
27
4
5
375
559
23
28
26
36
2
5
0
1
1
1
1
3
8
13
3772
5534
248
371
0
0
9
13
0
2
28
48
225
308
3145
4631
14
26
18
28
42
78
3
3
21
37
49
73
49
98
79
136
81
117
94
133
9
16
69
99
162
226
52
63
4
8
187
295
22
28
14
18
1870
2546
59
80
3
3
117
167
73
100
5
7
18
30
9
15
15
20
10
342
885
90
2
2137
45
32
15
25
275
39
32
45
104
3
13
5260
39
101
64
236
358
113
4397
188
719
8
1325
102
158
130
253
40
119
34
37
115
85
135
190
108
147
41
378
410
29
12
68
42
831
194
6
199
11
95
23
6
13
22
29
103
66
32
10
13
113
539
988
73
20
3
8
105
8
45
14
41
2
25
2898
71
55
217
35
68
123
9
222
82
4
33
89
118
25
82
7
47
225
356
96
737
56
7
24
91
258
12
98
43
22
16
16
1162
88
14
208
37
68
29
22
25
31
24
267
30
71
299
410
20
24
4
15
100
45
26
25
76
58
144
111
37
45
911
59
47
29
9
509
297
206
61
214
24
60
28
110
39
19
319
372
65
199
14
8
40
1134
93
90
69
34
39
65
32
42
203
20
59
507
155
162
1096
8
210
70
12
117
4
126
127
206
76
4656
894
115
51
194
15
164
51
33
25
1802
55
314
24
1941
1297
86
690
15
154
566
101
230
20
262
41
19
33
163
8
10
9
54
6
11
55
23
40
21
134
40
163
323
24
30
13
125
49
41
15
55
40
18
284
23
23
27
69
13
9
11
74
138
101
43
9
17
18
28
13
14
62
47
4
31
10
128
6
44
26
71
27
436
17
33
93
118
40
108
17
1209
145
51
91
83
225
5
148
12
76
73
38
49
2
21
186
29
208
35
218
17
26
36
151
266
60
21
1
1146
59
67
79
464
225
9
101
86
149
18
285
19
247
15
98
23
53
226
286
34
44
44
30
185
40
300
1033
92
41
372
129
338
82
226
101
77
63
329
85
34
68
683
151
583
10
232
73
258
60
297
195
141
60
47
