7439
24934
4158
1619
2576
2983
3251
13194
5405
1553
2698
2515
4927
993
605
4601
7137
2580
1478
2314
1457
4039
4484
10236
3758
9774
3964
10027
1142
1568
1391
3133
3868
2263
11352
3276
162112
806
10326
2983
25798
14581
3867
6084
87824
4631
1197
5553
72055
3740
57946
12392
3174
3388
4899
1920
10422
33087
7640
3725
10898
4975
33399
4102
1863
3449
884
3367
4571
6130
6161
3328
4773
2513
2576
5849
4070
4633
4169
3682
4346
4364
5344
4990
1928
2825
3924
4711
2660
4116
3234
3172
2013
1807
2213
2708
2701
3240
1883
2016
3759
4885
3538
1921
2028
2180
1362
336
11603
5992
1277
18872
19583
2608
105
22296
1044
89
9
41504
1623
6837
44
8504
2378
1292
20
3867
753
164
32
5
954
1524
411
166
2101
980016
20211
3587
283
24081
10080
7727
2643
304
20754
261432
29292
1726
292450
67436
12801
419
80656
8927
2270
68
11265
44986
3663
68
48717
22467
3438
690
228
26823
33
1236
234
0
1503
65
1218
491
0
1774
253
3215
873
0
4341
1466
35785
7980
0
45231
109
2152
593
0
2854
24
647
290
0
961
15
235
129
0
379
171
2887
754
0
3812
87
804
905
0
1796
121
2125
713
0
2959
34
665
208
0
907
82
1291
568
0
1941
13
311
200
0
524
111
1770
585
0
2466
261
1583
605
0
2449
331
8007
2872
0
11210
172
3403
1174
4
4753
218
5483
1661
0
7362
69
1197
376
0
1642
23
494
281
0
798
39
912
687
0
1638
82
1461
507
0
2050
463
14420
2869
0
17752
33
908
291
0
1232
55
615
236
0
906
523
10752
1676
64
13015
35
860
297
0
1192
128
2311
496
0
2935
107
1129
540
0
1776
109
2188
521
0
2818
55
817
286
0
1158
84
1972
633
0
2689
43
676
230
0
949
33
858
292
0
1183
375
7875
4552
0
12802
75
1431
601
0
2107
58
456
184
0
698
39
601
325
0
965
171
836
263
0
1270
33
391
389
0
813
34
696
354
0
1084
50
995
419
0
1464
188
5365
1237
0
6790
49
994
448
0
1491
91
1007
403
0
1501
89
2579
1095
6
3769
50
2661
863
0
3574
30
549
423
0
1002
43
450
152
0
645
42
485
322
0
849
29
371
244
0
644
174
2498
740
0
3412
27
590
306
0
923
82
1890
782
0
2754
19
415
126
0
560
28
645
562
0
1235
54
846
245
0
1145
179
4239
1069
0
5487
19
307
198
0
524
2362
65983
23489
204
92038
37
820
281
0
1138
446
13533
2630
0
16609
0
309
116
0
425
20
310
181
0
511
405
10128
3119
0
13652
19
531
312
0
862
66
978
272
0
1316
103
1913
937
0
2953
48
770
271
0
1089
149
3489
1381
0
5019
89
1084
264
0
1437
1190
32077
10512
0
43779
221
3793
1627
0
5641
22
440
298
0
760
23
862
328
0
1213
499551
479
7783
44228
9181
2431
356008
4266
47703
151628
3260
39800
26083
4201
108241
15519
12794
2478
2417109
20981
116152
3622
24049
40190
1008
3522
93060
43212
33784
691731
103958
4020
451782
381564
15179
362114
841372
323719
126647
81314
242957
114149
510744
100998
27130
641
8329
113997
179600
85347
13016
7415
2449
53221
10909
217424
61405
10725
124056
3244
190725
3904
275
645
150149
29426
7992
108
3464
1627
1155
422
1188
6030
278634
325
110408
16943
166597
4768
7526
15128
2254
4743
6887
257
1965
173
210875
102
556
20677
2199
129376
3276
432
2098
33573
317
1167
5793
8354
3291
3164
2442
4841
412
7932
1227
39328
637
2306
10208
1704
376
3529
283
11762
5065
329
68752
758
267019
259366
47940
54173
218981
76190
43311
25073
44222
180700
64836
294185
81578
1982
25201
2946
141233
507328
1021
40450
26276
37926
71720
8250
3525
1183
229365
64601
28431
1870
14203
1662
1222
1970
1727
1751
4096
34431
15227
321455
882
35654
5892
3429
441
84546
139240
94520
5994
566
3231
86674
72436
33539
480355
17933
17143
32074
3671
340807
84205
372512
117450
242452
136879
9354
27035
112668
120717
66862
83517
32551
4217
1991
971
120132
5441
10287
2140
1560
700
645
590
9159
1136
12949
13942
2199
1209
42172
1339
736
2629
7779
11514
4994
3544
1153
8405
1196
17634
7704
1007
82758
703
1896
48838
36297
771
94203
702
228404
4295
4114
31624
1956
28111
1582
2993
1343
3350
4372
299630
2081
1921
23831
46240
2158
127
9144
2700
2673
1214
2807
35822
12862
45509
1647
384752
3413
133
16144
4982
3290
4514
242507
4036
28347
2864
2065
5976
3210
859
83253
35907
986
10472
1881
924
3674
1179
1066
4959
2795
995
7820
4957
13459
1351
2476
19487
3356
2755
3753
1253
3937
2628
4373
670
3701
4689
927
3533
2459
49413
33839
8620
2515
35802
6293
3522
1089
1648
3749
1281
3696
480
2222
1601
56657
33165
453
2581
1191
13679
2404
1177
6136
1888
507
1967
1366
1274
2253
8347
5438
2674
1649
864
11757
1365
1895
3309
4098
6436
15605
4068
1354
4643
2708
544
622
2609
10953
847
2112
2012
2300
52163
204301
17675
38905
116116
577
14306
346
935
3878
8424
1065
7650
14458
1145
185
153
25669
445
1359
50
774
586
2611
703
954
1699
1100
1460
1891
1742
22113
9039
1038
305
392
2767
1373
5928
253
756
2064
785
1472
3463
9064
2869
1010
8111
904
2117
10159
467
5900
560
2600
1438
54314
4026
1927
1054
4447
7495
1447821
2048
1059
23648
2058
2198
251164
1816
457
3617
1632
1643
4257
5980
561
1220
9143
739
2183
357
1026
9226
2747
11394
912
4240
2816
5051
1241
120077
18399
32977
9838
184642
21029
1283
6105
4311
3543
18009
6892
56341
4116
1913
1773
1683
4736
75370
44495
1834
2950
6473
3573
4848
1615
8883
40564
2146
3204
1302
416
769
1254
3461
1747
34126
2634
46074
961
488
2240
63433
725
8278
24325
2285
9254
1200
2711
1564
1155
1390
11012
162874
9890
59942
5958
3179
69960
12525
1010
1227
16426
2832
2120
3722
22810
2495
3135
1235
1963
5335
2406
5064
18848
5944
23082
2084
17025
1526
2061
2097
3722
7083
3270
90394
14312
5233
31917
5208
12197
4416
4015
3489
1747
4442
2328
24880
3625
7995
2162
109086
20007
5010
19824
221719
5356
933
3046
37213
4134
7765
1370
4462
666
1988
2354
1371
2970
1314
37213
3572
1280
3871
2349
2682
1675
2389
4955
2853
55215
2436
4598
2006
873
32683
1893
746
31727
1928
16338
3335
898
11292
2764
8828
2850
2945
4275
528
558
1086
310
266
576
1280
1070
2350
899
787
1686
469
501
970
1531
3208
4739
14362
16937
31299
3157
2738
5895
2706
2865
5571
1685
2081
3766
1222
1240
2462
835
1309
2144
575
753
1328
1652
1501
3153
1023
1054
2077
2096
1979
4075
5095
4860
9955
893
718
1611
1208
711
1919
703
562
1265
1338
1029
2367
1241
1776
3017
10451
3756
9472
891
921
1812
14011
15391
29402
507
371
878
425
532
957
1301
1677
2978
4570
3365
7935
2085
1212
3297
13254
1002
23705
618
697
1315
1400
1934
3334
1366
1416
2782
597
796
1393
427
596
1023
968
635
1603
848
1171
2019
972
1236
1974
1418
1064
2482
657
866
1523
1135
1418
2553
810
1435
2245
1924
1071
2995
775
844
1619
631
605
1236
334
492
826
1732
1668
3400
1795
1772
3567
3653
3488
7141
2810
978
3788
35267
23579
58846
2194
1748
3942
1210
690
1219
1181
1103
2284
3264
2395
5659
32559
33799
66358
758
722
1480
660
509
1169
404
619
1023
1597
1411
3008
1367
4288
2577
2681
3247
5928
3845
3289
7134
1159
1297
2456
1006
937
1943
550
686
1236
604
398
1002
740
768
1508
3924
4288
8212
517
911
1428
203
352
555
915
1145
2060
659
679
1338
1467
1637
3104
363
433
796
57927
82148
140075
7393
10075
17468
2196
1871
4067
388
250
638
487
802
1289
23485
18994
42479
975
836
1811
910
1716
2626
11704
15061
26765
913
2157
3070
271
395
666
1068
806
1874
327
451
778
2650
2246
4896
6304
6408
12712
2384
1913
4297
326
317
643
2785
2856
5641
767
1142
1909
3751
1570
5321
9366
6779
16145
498
1010
1508
725
1045
1770
1445
732
2201
288
2207
1444
1065
9150
348
211
1970
206
129
867
767
934
130
3919
5956
215
1989
626
39582
213
191
3511
636
3425
2461
3676
3674
150
210
395
324
75
541
131
437
6202
221
136
1799
3030
176
192
753
151
2385
111
13732
250
854
183
5515
1429
1205
4021
247
5472
528
2934
721
131
888
1696
129
346
1946
261
476
625
331
3394
954
176
8554
396
825
12063
349
264
608
7734
248
1354
126
379
300
326
115
210
2527
597
216
944
52
396
107
647
282
40308
90506
30938
183451
1257
1505
3226
697
4565
1278
1419
20601
3088
6291
4990
702
1002
2038
10280
965
1256
5111
18952
408
963
2305
804
7055
5639
692
549
608
483
15673
1118
532
1114
83387
1334
3061
11996
636
761
1719
1944
3105
2235
782
4181
1173
16572
1199
2265
1642
6837
1857
394
4916
506
203070
8303
1350
30859
1181
1821
1389
4037
1044
406
382
1457
666
2080
886
2734
950
15180
909
2513
3700
287
2170
10191
641
989
3279
664
2838
884
576
3329
939
3048
6515
824
2094
14402
988
203
1210
1966
4025
1174
5351
215
986
3484
1200
10501
7822
2403
2415
2576
1051
1667
923
1225
21065
1533
1444
1153
2237
689
6282
1567
0
4695
621
0
1661
11068
8
20113
1324
0
3273
1486
0
4460
1258
0
2192
967
0
2531
6930
3
14467
20051
29
48864
10597
7
23918
237
0
580
106
0
219
316
0
1060
1029
0
2239
897
0
2698
2288
0
4426
49613
36
103820
501
0
1338
2010
0
3809
1089
0
3526
825
0
2196
411
0
996
4193
1
9504
2244
0
7503
742
0
1852
39773
56
75731
1312
0
2699
244
0
546
17580
0
37170
3397
4
7864
3204
0
6627
4874
2
9965
851
0
2094
2216
0
4008
2670
0
5740
67165
171
130749
11324
0
22845
1522
0
3023
1884
0
4132
7416
0
16537
552
0
1321
1026
0
2732
469
2
1488
2789
0
5967
4154
0
8812
1202
0
2848
2572
0
5792
6459
0
12043
6205
2
14833
3158
0
7284
2828
1
7011
22194
1
37777
6614
8
16886
474
1
1002
3876
1
9702
893
0
2206
1775
0
4637
1344
0
2513
2485
0
5411
2355
2
5053
3078
0
6008
224
0
578
1080
0
2004
489
1
1292
27019
12900
127971
7990
19817
34585
15076
13110
14765
37945
3510
13982
10134
12661
6763
72114
9231
171945
249958
195109
23438
4860
36867
17628
63454
6954
82409
3456
62453
124764
5251
386581
347038
11273
4054
23531
11119
27260
21513
12431
88129
47094
137786
9137
236624
28305
110937
58617
554471
4784
242712
159962
222280
225680
2140
2075
25637
6038
6330
2662
1488
12391
25767
5780
38323
5911
28988
9050
7197
5543
6796
5273
22450
2752
7462
4763
31056
10005
114670
4501
3385
30339
6682
5875
7881
5522
94542
11338
5344
2441
14011
32348
84501
3206
192668
690
2298
16338
9406
20787
49503
769
2675
214977
6309
20866
6973
7688
4256
20926
1945
32622
10368
1702
46028
8131
419519
5085
3578
1313
3326
1414
5052
69653
3036
5290
49515
5957
1631
15335
30844
9452
8562
17175
157152
537032
6224
3524
97667
6435
11493
7084
964
17558
4576
9905
31869
6300
2026
11894
16121
1169
2416
1705
14173
143267
4108
7938
2352
4491
6448
11731
1187
502710
4667
4536
7384
10467
1581
2718
7814
911
2465
1314
3534
604
5636
972
4284
975
1177
3171
6374
3802
4374
4306
8312
1329
9441
2599
1233
49121
11752
2439
5339
1215
4967
2398
195168
642
2300
2280
17353
1585
2093
40214
18329
2351
66335
30829
7650
1827
1618
3072
597
4721
1898
3402
90324
1723
986
12929
30883
1548
6743
2328
2246
2930
1318
6419
1547
1431
3090
965
2950
2430
4960
4711
5426
2921
29023
11475
1213
1138
835
4060
4262
26555
62840
5420
2443
287
1027
15469
3722
2727
3041
7272
2381
8956
7038
10677
1899
3182
10616
6476
4262
11096
22700
3215
6888
5090
1737
2622
2603
3269
8851
6061
3982
1078
7402
2214
1727
1725
18060
3729
1201
3479
1486
1620
5312
2630
3555
1547
921
1837
1807
2355
8683
9735
3028
872
1817
3392
2289
4342
3334
2312
529
2688
2873
820
1563
2166
756
48452
12598
3160
888
5926
5724
10561
789
364
19753
1060
875
11850
628
60345
2855
12874
2347
2007
671
1458
701
870
1025
996
1885
14694
1555
616
55971
784
534
2535
978
357
1341
3073
824
91366
13943
36965
6960
95660
311
2756
4294
3248
872
6908
1183
1422
1481
986
755
3032
1423
235
2067
1015
1313
857
1170
1914
1561
5867
2674
696
1009
698
1331
1757
4703
5379
1618
27566
2948
3765
347
1154
2571
2927
472
763
2726
334
358
3525
625
550
92226
959
6811
94458
305635
2629
1736
3620
408
5329
1589
1774
4970
1747
783
3653
190
1057
1543
2112
1348
885
2353
75
14021
940
1385
154
894
2376
163
1522
20062
34938
39
2933
67
579
2634
2516
265
6510
19085
214
2615
1689
129
256
689
42903
396
5224
37
385
782
131
710
122
8485
778
1680
1095
1705
509
9386
1056
525
927
415
57
935
209
71
28392
4100
396
17
34
37
496
1043
132
201
6386
983
906
4824
702
204
349
787
577
845
867
786
2109
992
2101
151
573
5434
148733
96
662
236
185
358
3242
162
116
203
15
192
6956
1067
280
19
152
681
55
642
968
625
736
731
44
272
786
81012
3586
25
73
3360
12
730
366
352
915
399
2463
284
187
758
446
3191
501
815
934
85
1855
43825
3558
3856
2388
362
328
77
492
544
44
978
403
3538
1006
296
57
1648
13375
3179
520187
11553
4632
73
104
1711
482
314
8954
711
7559
496
913
130071
883
17469
16822
24579
7367
32993
118776
48181
97611
42373
12317
61879
232660
132275
155522
21648
26577
224596
78708
144765
36995
107558
191802
156382
135672
105789
95156
12275
98790
31019
147327
23318
36253
113321
34543
185
222
164
695
3515
1731
452
1827
2171
458
925
1053
567
2265
1398
47
83
76
7859
25269
12809
722
2753
1557
1483
4537
1281
197
418
344
33
40
55
176
257
272
440
2009
1481
631
1661
741
1083
5328
1315
555
1770
851
646
6289
8776
153
623
663
1728
4466
2388
168
554
333
967
4402
4004
198
949
673
1637
9146
6681
1124
3343
2518
8018
24985
8202
11577
38645
11183
474
1263
595
548
1741
1095
1524
7714
2800
410
1061
673
52
171
155
2996
7364
3249
92589
5483
261670
45142
11424
15772
22085
15572
8177
17478
20396
10290
9237
79994
248651
9629
8821
7666
9367
10436
1211
9110
16326
601265
3600
12148
14629
214757
7356
338424
533782
43438
39415
133155
29520
80253
5366
20483
13031
23956
437282
39668
69345
65880
66321
39733
5547
3736
6610
18010
15413
341812
14549
9437
34631
57974
17099
11224
17056
287434
4929
4401
8321
29553
2533
217
716
3123
211
10
109
2
244
1178
1320
3749
164
20
288
15
3198
930
1558
161
21
480
2009
421
61
6558
1298
3826
116
39
238
24
1486
4872
157
4827
31865
3708
15307
73706
9316
333
2322
10068
847
35
12523
37366
4323
282
1647
7751
726
22
343
3
1090
86
9712
2149
34
918
1011
3285
191
6
19927
1861
76
4705
2428
24090
2435
61
2444
917
316
9
591
2168
121
15
316
1445
137
1
3419
12258
93
833
5987
331
16
2314
4102
73
1611
16225
55489
18174
4513
455
1715
2560
304
25
1908
7385
768
13
5692
16422
1918
118
463
1287
5210
28
2221
5437
360
39
8682
713
117507
17548
11441
339
61
3059
18340
86711
8033
1061
13965
1006
3125
71
32388
2570
175
8929
566
1613
78
11
216
567
56
0
2260
11322
683
100
2441
188
27
781
30768
131049
8806
495
3993
9644
321
56
147
4791
16903
1631
1044
2374
19
10476
21008
2906
47
5400
1542
4465
171
13
2341
9101
413
41
377
493
55
6
7106
26428
3117
88
1469
513
65
7699
8286
36648
3013
169
1294
63
11
639
2286
9083
826
50
464
2516
9604
116
2245
11579
993
25
1186
4882
588
19
971
8
3822
289
1615
3537
188
20
1166
4348
390
7
284350
26943
63629
1532
280
1471
160
4
2744
176
1104
31
14068
2279
75
5014
799
134
4883
19692
14531
48604
5342
337
1377
3713
132
17
551
5225
18232
1676
7339
52625
5383
97
163
8
510
1995
1952
7175
381
41
2194
9427
739
100
586
1592
85
6
6177
357
36
1725
626
8554
34559
1856
690
3769
365
3
3270
11570
1045
66
2397
43
5125
222
4827
11263
499
139
703
60
2896
12017
5664
16493
1548
83
2250
6008
619
37
2383
6999
375
40
1432
4996
260
66
1939
38
6371
533
1138
3917
305
20
1666
6253
639
55
577
115
23
1928
1058
7220
675
19
260
403
14
3
8360
38612
3942
254
2623
8248
386
35
74088
292521
34479
1896
1395
4223
235
19
83
15
826
2214
2206
13984
860
175
1005
173
17335
4105
4595
560
21
2018
4114
758
44
14993
1212
2252
252
23
397
13
527
2698
215
1661
795
93
735
207
130
14215
40304
491
557
253
332
316
205
335
122
12469
205
301
192
238
453
117
479
229
809
1093
672
3748
1125
580
156
704
439
1513
920
179
2473
2567
663
101
654
33
2473
367
2692
289
1359
1173
7215
405
2276
2098
12754
6544
15345
14134
4442
8080
4069
66713
3071
4944
21847
36130
4633
12064
3835
4683
376384
4583
5667
61657
16871
31695
2773
380518
6374
2592
20604
35575
4154
233360
11467
2863
1559
3905
3609
3704
1854
7496
2953
8592
8698
54484
6514
32832
5027
74207
106320
5713
50636
7902
39771
2202
3865
15969
1336
126767
1560
4100
10874
1069
8866
1987
3800
7397
2793
34759
4343
2996
16591
9846
10139
8021
7765
4350
71090
145005
39758
12032
12934
3000
1169
47128
8600
15898
4644
30016
2731
64
251
974
1289
12
50
174
236
42
286
451
779
13
41
104
158
65
258
770
1093
26
107
538
671
243
805
2521
3569
113
399
1902
2414
2575
4827
13636
21038
308
1359
2610
4277
364
1718
3744
5826
56
280
608
944
5
22
39
66
5875
13987
29570
49432
8
102
235
345
1176
3194
8453
12823
15
123
254
392
69
280
863
1212
559
1170
4914
6643
162
517
1600
2279
324
675
2476
3475
27
25
157
209
16
35
146
197
446
1032
3371
4849
97
453
1252
1802
447
758
3331
4536
18
47
230
295
17
86
201
304
5
58
102
165
20
17
110
147
38
210
470
718
34
158
639
831
120
447
1035
1602
15
65
239
319
22
213
449
684
261
774
3101
4136
53
270
600
923
43
172
443
658
39
175
467
681
167
783
2234
3184
175
561
1976
2712
709
1414
3778
5901
18
228
443
689
26
97
204
327
79
417
673
1169
211
744
2574
3529
401
643
2987
4031
79
367
1250
1696
111
342
1484
1937
67
383
630
1080
409
1488
5503
7400
42
303
664
1009
32
195
493
720
41
170
643
854
19193
15892
103684
138769
189
841
2949
3979
645
1268
3954
5867
136
573
1802
2511
89
262
1004
1355
791
3289
6480
10560
188
791
2494
3473
210
1013
2672
3895
775
1839
4652
7266
34
209
373
616
12
31
117
160
949
2902
6295
10146
104
448
1399
1951
176
484
2247
2907
246
692
2298
3236
46
199
548
793
21
133
346
500
10308
12275
83522
106105
708
2752
5870
9330
438
1598
3757
5793
38
101
412
551
42
271
301
614
62
307
598
967
2343
33909
130580
12533
12895
13731
3836
5737
68108
18386
291
816
797
8364
54065
3941
16928
9856
681
125775
17112
25749
2884
73970
1138
325927
22034
233
7747
9251
4107
1573
6069
193013
210
26011
10843
8888
111
19842
258292
164979
6645
429916
5437
3081
35
8553
23552
13383
261
37196
2430
1889
17
4336
60162
30175
788
91125
10888
7119
120
18127
5124
2800
66
7990
107899
88971
1561
198431
24251
16137
273
40661
13416
7541
220
21177
321
215
2
538
7270
4027
97
11394
25153
15721
245
41119
106691
76059
1531
184281
2944
1607
11
4562
6207
3413
27
9647
3464
1910
21
5395
7303
3686
94
11083
7891
4887
80
12858
40735
25061
459
66255
50426
26722
1179
78327
133435
65628
2261
201324
2887
1580
16
4483
41600
24728
1128
67456
11527
7850
171
19548
437
282
5
724
14301
9109
133
23543
715
374
13
1102
2802
1765
25
4592
3591
1745
32
5368
7846
4771
80
12697
2998
1700
9
4707
1489
796
5
2290
38410
20728
372
59510
79423
39080
1616
120119
9814
5535
91
15440
14784
9693
257
24734
57279
37587
1451
96317
36005
25561
938
62504
11604
5516
96
17216
3422
1669
24
5115
13215
6807
123
20145
2716
1989
30
4735
23358
18148
501
42007
187364
127018
2721
317103
2351
1469
42
3862
47531
37732
1392
86655
8680
4081
102
12863
4064
2292
29
6385
388223
170390
9958
568571
5881
7120
131
13132
1054
617
4
1675
13674
7072
136
20882
3255
1934
50
5239
5543
3019
34
8596
645
327
4
976
3711
2337
45
6093
3323
1757
20
5100
4993
2953
69
8015
4717
2806
101
7624
3983
2197
32
6212
27742
16929
239
44910
5047
4058
45
9150
44718
29800
386
74904
2939
1719
22
4680
55238
35072
1616
91926
7389
6590
3158
2335
2867
8624
21168
10101
5089
13750
1870
1113
2470
2262
2657
6205
6268
1518
4968
5051
661
7102
10145
8550
3343
15934
6347
41481
2331
2538
5254
10749
4740
3479
24186
1573
6797
6653
6434
165
1913
1321
0
0
0
3399
1203
19263
10779
23
0
30
31298
99
1266
799
0
0
1
2165
1422
11620
12191
13
23
12
25281
350
1690
1203
0
1
1
3245
163
2377
1518
17
3
4
4082
3506
26307
13972
102
21
94
44002
3352
25453
17588
2
21
0
46416
195
1874
1267
0
3
0
3339
8314
70984
31917
22
58
132
111427
141
2944
2810
43
0
1
5939
277
3659
2417
0
0
0
6353
228
3034
3258
0
0
0
6520
461
4472
2131
0
0
0
7064
349
4277
2742
0
1
7
7376
757
7490
4718
0
3
9
12977
793
1929
2518
0
1
0
5241
1454
21760
9275
0
0
0
32489
269
2652
1737
0
0
1
4659
212
3152
2902
3
1
7
6277
906
17143
9654
0
3
0
27706
945
9474
4532
0
0
14
14965
5271
55236
39084
119
234
130
100074
574
5847
4285
17
22
21
10766
357
2268
1698
1
0
4
4328
4382
36015
21838
35
0
55
62325
561
5114
2463
0
0
6
8144
504
7257
4041
5
0
19
11826
838
13733
5475
16
26
58
20146
322
3946
4462
11
18
10
8769
129
2575
1798
3
0
0
4505
2484
26633
18590
42
23
43
47815
1044
3195
3033
0
0
44
7316
473
2692
1931
1
40
0
5137
100
1661
749
2
0
1
2513
195
2916
2726
0
4
0
5841
836
5456
3679
2
5
9
9987
2063
11988
8764
0
0
17
22832
690
8508
4635
18
17
23
13891
6386
75531
38963
63
55
112
121110
70
1267
1117
0
0
0
2454
2266
26154
21958
237
20
75
50710
1631
13310
8471
3
9
1
23425
85
1918
2037
0
43
1
4084
268
4930
3433
0
0
3
8634
2995
39673
16711
12
87
122
59600
302
2017
389
697
5978
6075
666
291
942
120
1000
415
2944
3840
495
1567
2743
1000
528
1032
219
384
1030
183
946
426
105
610
365
399
48
2838
755
148
357
276
60
760
1978
5074
12981
422
782
733
188
3421
285
293
39923
1052
2567
20051
228
214
1560
259
921
447
168
1570
470
1044
2548
481
3883
366
11525
4122
1317
891
17664
9852
2305
1132
2233
4454
5464
1286
1971
614
2415
5440
1196
6996
181862
819
1706
5913
2707
6720
1149
4529
5100
2974
1432
5145
948
5132
74437
334
3527
1704
3987
3311
1902
3286
1968
773
1767
1040
4503
1212
87516
429
2571
2939
991
2782
7625
1277
16115
3026
3390
14145
4207
1727
968
3608
32736
542
1054
2221
1931
558
487
1356
8991
2312
6073
8428
56656
942
1292
8322
201759
1595
1160
16624
27874
6178
856
1578
1216
524
3647
18131
762
2725
2105
47695
23855
2677
3635
601
806
6100
8146
2432
2831
397
520
61
77
3778
5153
2155
2816
209
332
2160
2532
13072
15989
142
184
1951
2606
42186
53973
336392
411389
1744
1973
11
16
1078
1524
7063
9282
54887
63976
26923
33844
1438
1969
51
72
944
1308
1510
2132
1267
1705
5094
6114
5291
6618
1370
1853
582
761
42093
54258
897
1201
213
290
1779
2406
226
418
3289
4192
2862
3744
185
263
387
584
86
148
124
179
362
428
190103
222115
100
135
1635
2108
23715
27680
613
834
86
153
2380
3310
5493
6959
67
89
107
186
243
323
265
451
213
319
88
152
403986
511118
452
667
667
1019
274
397
162051
191503
944
1270
76
146
1199
1765
139
174
1531
2003
697
918
7251
9881
87
133
107794
143156
27595
33850
2222
2871
1055
1713
1941
2607
1737
2515
220
330
250
358
64
92
153379
179310
590
813
1143
1499
1153
1848
377
538
47746
56732
150
213
2684
3160
28
38
585
778
1300
1729
607
845
11980
14800
10393
13294
1960
2734
24484
29573
1345
1903
100
149
450
625
94
146
124
188
2623
3347
647133
808771
5839
7369
121
163
220
313
55441
65528
150
190
5514
6919
81994
104517
2163
2919
948
1323
5016
6070
2127
2917
1494
2065
1324
1759
64
275
7340
10212
652
913
68
105
303
363
645
907
1967
2615
360
450
31977
38936
594
856
4095
5577
15541
19247
542
907
699
1051
19309
24726
5475
6355
30
41
41
50
5299
6315
217
261
6
6
255
346
3386
4338
73
214
612
933
3108
4079
395
729
1794
2232
887
1235
1198
1640
686
1033
4447
5952
1464
1921
57
123
521
761
2274
2613
8
10
30293
37148
203
371
731
964
818
1101
168
247
366
434
2507
3231
4494
6373
340
455
25526
33863
27
37
5734
6950
126
170
8773
11351
1805
2331
260
310
263
352
955
1208
65582
82277
513
860
878
1312
26
35
5921
7690
3144
4708
519
952
636
1020
42783
53248
182
269
35
74
4655
5945
1622
2143
1201
1905
12246
14872
158
368
870
1144
4070
4910
6554
8748
1011
1289
690
869
10587
12935
93
141
260
315
786
1103
843
1070
560
919
17
20
1386
1926
15426
18092
271
452
3074
4337
400
590
587
809
1576
2175
6050
8025
192
276
135
192
526
734
106
146
1136
1741
47
48
21989
28041
611
751
5152
6862
278
384
26
43
73
110
168
228
260
403
308229
384501
10795
13624
76
91
403
587
40
73
1615
2275
9212
11585
341036
398981
865
1195
887
1249
2095
2820
120
146
2471
3218
4148
5282
2070
3450
7463
9998
5786
7461
7574
10183
380
627
3225
4058
22952
31952
3120
3910
110
169
9563
12237
619
860
1719
2673
127041
147766
5093
6247
156
283
4470
5605
2796
3618
234
342
805
962
1348
1877
1349
1984
394
5274
18718
2525
101
59895
1009
603
541
2828
5683
734
1137
713
1256
94
214
273658
2581
1906
1236
14612
9560
1952
84937
6459
22327
381
41238
16230
19188
15563
38197
5073
12299
3543
4651
14048
9589
13930
24435
15326
18866
7374
44279
62326
2114
2214
5429
2324
100446
11403
588
12414
524
5915
2231
4184
1355
2988
767
7890
7957
2925
2384
2008
19435
65399
112869
3993
2982
818
542
10557
2117
10615
1316
5942
1419
2775
386438
8797
7200
17180
2968
7731
8321
2359
18331
8760
753
2069
7034
7875
1503
4456
2334
6984
43357
26733
10641
115040
8457
416
5078
9779
26742
1536
5657
3388
3355
1391
1795
129280
8779
2253
16664
2700
9048
3506
3435
1774
6404
2473
23811
4298
5641
48169
59941
3603
3202
458
2636
8274
2976
1886
11219
9599
2119
28306
5734
4539
6842
131128
4830
3231
2041
1439
88710
21693
25737
4160
15035
2172
5237
1607
6914
2805
3626
35747
41252
7592
30597
2176
2539
3030
115412
6910
6772
5240
4491
5613
6407
3036
3075
18296
1455
4082
37662
18397
25440
143206
661
22825
7410
1315
11884
330
10806
17161
29595
17459
832606
91731
10810
5917
14433
1678
17215
8466
6825
2461
235169
9539
36956
3147
240099
131163
7492
95663
1204
13106
83295
10480
36706
1199
17500
1641
1233
2621
13474
488
580
374
4387
486
552
4196
1890
3360
1297
8402
2699
11967
30231
1372
1279
1848
8185
3186
2111
1036
4851
2483
1061
19265
1155
1947
1919
6727
680
656
927
2953
7124
6816
3008
517
1218
1226
1694
890
554
2033
3532
479
1294
409
10317
980
4443
4612
8941
6107
67937
2765
3665
12927
14573
4509
16388
3860
273995
16518
10565
13073
10643
34400
783
20495
1681
10966
10903
3449
7750
1487
4157
20574
4854
41826
4059
39008
3469
3746
6306
17399
31529
7415
3252
1266
316292
8476
6967
10080
49438
27874
1523
10171
9567
21503
3005
49721
3985
46642
2516
18172
4599
7336
27735
23870
2823
6219
7514
6119
23161
3867
28504
108478
9947
4571
44660
16599
8371
742
2004
1274
845
443
5179
1156
488
847
14153
1623
8337
112
3259
780
3920
920
3731
8748
1561
656
378
