20484
95798
5606
7572
25354
1101
5172
34912
8711
11358
16920
4103
6965
5734
6988
17495
19714
3423
3758
14677
5000
38704
14476
5190
25633
31374
10884
35653
7158
10417
10929
885
3369
6989
32469
20073
131123
6033
32708
13024
46020
37887
1758
1682
105430
4995
12245
34434
100759
6007
30477
40449
1269
5465
8224
9102
10078
79666
35501
1542
22100
14884
50724
25464
6534
1793
10191
4861
4534
4496
2691
4351
6705
6777
7950
5581
4357
4864
4059
3589
2768
4594
3929
2407
2686
1971
3041
3984
2594
6101
6482
6891
7143
6785
6713
7418
7312
3475
3742
6548
5836
4395
5633
2208
1558
1690
1688
51
7914
4039
842
12795
25904
9815
217
35936
307
88
7
27576
3614
15142
145
18901
6874
3579
67
11177
1188
937
170
13
2308
3796
1314
360
5470
1051531
64856
19353
1474
85683
15229
9562
4390
299
29480
171516
41428
1725
214669
95461
30680
785
126926
5256
2376
67
7699
84292
14803
251
99346
32472
6865
989
419
40745
40
3329
582
0
3951
116
3766
1263
0
5145
469
12122
3662
0
16253
1390
63037
15480
0
79907
244
9960
3755
9
13968
33
1378
802
0
2213
26
1092
556
0
1674
138
5344
1988
0
7470
57
1179
422
0
1658
81
2880
1565
0
4526
58
2830
1080
0
3968
241
6807
3547
0
10595
30
1499
1275
0
2804
140
4308
919
0
5367
79
3605
2209
0
5893
385
17915
6852
0
25152
230
13419
4946
20
18615
129
5681
1218
0
7028
72
3514
1167
0
4753
22
822
638
0
1482
33
1152
620
0
1805
84
3101
1018
0
4203
455
28967
5935
0
35357
87
4087
1408
0
5582
73
2489
1478
0
4040
525
23635
4137
62
28359
67
4740
1948
0
6755
173
10085
2359
0
12617
138
2549
1506
0
4193
140
6963
2123
0
9226
72
2264
910
0
3246
141
7669
3213
0
11023
71
3404
1379
0
4854
39
2268
1202
0
3509
120
3981
4367
0
8468
133
4330
2303
0
6766
62
1105
422
0
1589
53
2861
1694
0
4608
53
745
383
0
1181
49
1764
689
0
2502
67
2562
1115
0
3744
110
4446
2011
0
6567
286
18945
3994
0
23225
69
3601
2215
0
5885
134
4404
1692
0
6230
153
8190
3482
17
11842
52
4882
2029
0
6963
21
817
547
0
1385
70
1887
1030
0
2987
33
1096
873
0
2002
66
1441
1556
0
3063
100
3480
1476
0
5056
31
2226
1302
0
3559
29
1166
903
0
2098
70
2594
1082
0
3746
76
3292
2363
0
5731
140
4875
1972
0
6987
297
13821
4000
0
18118
26
1492
1110
0
2628
1085
39336
17452
104
57977
74
3775
1518
0
5367
516
31984
7236
0
39736
8
1766
1139
0
2913
43
2153
1109
0
3305
465
22489
7765
0
30719
49
2420
1303
0
3772
126
4430
1422
0
5978
41
1592
1276
0
2909
77
3228
1503
0
4808
193
7171
2832
0
10196
96
4464
1463
0
6023
700
35243
14300
0
50243
370
15791
8353
0
24514
18
814
681
0
1513
60
3510
1577
0
5147
140789
243
14018
47179
16625
4414
155308
5999
61109
165924
6904
21559
26546
4468
167879
25074
13161
8619
1189862
32344
24054
5625
13528
43955
2884
2294
49226
20357
26177
654815
123941
5725
463677
252140
11702
378416
593270
62594
128996
64932
76616
64870
210924
27978
59539
1066
12461
70345
63426
106986
25372
18503
2979
81854
17210
158901
27844
18491
103024
4057
125311
5218
1686
1496
40758
16071
6034
930
2452
2358
850
1231
2583
12948
74765
1076
127451
10148
203933
15209
17313
14493
1729
4822
3689
332
2346
634
140505
744
3083
14024
1557
89680
4328
2090
7855
55839
417
5358
8972
16704
9830
5520
1573
6828
1888
2992
3833
43688
2988
3743
5676
1577
188
1154
1048
5244
10856
2436
106469
3807
178263
162572
56452
41654
171435
58858
36773
30911
42458
90868
81025
21076
52939
12926
71497
10920
216533
358952
5367
82480
71356
87711
143267
25108
8888
6920
236285
96407
51014
4831
7495
8931
4034
6684
3964
6336
9253
75446
36382
342017
8193
62737
16074
5011
3296
140500
250661
60397
18245
2898
5874
140486
140173
64121
605590
26064
47945
80309
12315
258279
86713
366836
197779
269472
209044
26700
84314
163219
129735
128759
100293
72134
17561
7954
5224
187691
14246
38970
10370
6761
2350
4186
883
9574
9358
30730
43271
4281
6841
26658
4685
7744
4560
16738
20985
6027
9424
900
17819
3366
42536
27150
3607
57336
982
8769
112142
16049
663
16877
2201
168679
11388
12451
53657
5374
57204
4742
5099
6804
16115
7140
62622
6249
2243
9904
23996
2718
1307
26943
6860
6919
3011
13232
38177
31631
91281
10459
144655
14976
1534
27558
22495
7385
8215
173041
19142
72991
1364
14239
16283
11064
5335
44982
45090
3340
36497
7203
4935
3765
2217
2913
11079
7575
2726
15460
12655
9441
3559
4557
28081
14339
1916
12951
2348
6562
4747
7375
2045
5150
12954
3033
9589
14965
30616
24893
18424
6255
58769
7104
17281
8655
10864
15352
3036
9136
656
8151
1373
26472
11711
1970
4325
2811
19184
10632
847
5869
1483
375
6515
2600
2930
2075
13670
11496
8208
7155
2250
19392
2457
2549
14477
9528
25462
42407
10279
1232
4824
10811
790
1648
14136
28655
2493
2971
2888
6991
28748
130489
11803
22621
143759
2037
24329
2908
4094
16188
4281
3727
21352
40053
5794
1268
547
72755
2906
7959
280
3550
1998
7791
6279
5645
8707
4676
8148
13481
6012
72059
10669
3716
1503
1466
13925
6401
13707
2119
4101
9458
2146
4500
3005
27304
4214
4429
23161
1341
5692
13673
1938
9784
2059
5082
3712
32965
11278
6130
5610
14407
13606
583852
6727
4627
22716
5529
6076
191243
5955
2794
15124
7847
4778
13200
9827
1923
4719
16997
3385
6708
1546
2369
15359
10376
10614
4449
12189
8684
7136
4798
99260
28285
31970
11917
120402
30717
4715
9680
11970
8757
26562
16065
73925
12409
4119
4464
4939
6987
83933
40290
4499
5215
14055
9378
9607
4816
16450
36896
6949
6104
6086
1698
1583
2014
10624
5889
28061
7830
50979
2720
2071
9267
54021
1983
12347
42451
5837
19777
4095
4579
5892
7019
5586
14898
157672
22686
59257
14837
10528
90283
22220
2873
3811
22840
5647
6902
10285
34734
9354
9108
3668
9322
20844
9491
14377
26067
14983
45652
7625
23408
6311
9810
6633
11896
17580
11132
102318
29288
14830
49783
15033
25871
12990
14323
12082
6217
9614
9273
51588
11236
26213
8073
97270
26726
15830
34837
124327
13837
3961
10670
21004
12122
26965
5131
14209
2381
6467
7360
5158
5549
4610
46109
9206
4372
12566
8008
11526
5812
7633
14438
7364
53585
7889
11487
6639
3319
32783
5946
2698
41056
5174
23738
10425
3402
21280
9739
17526
11006
7969
13122
1001
1915
2916
639
878
1517
1964
2893
4857
1719
2985
4704
925
1289
2214
2382
7167
9549
10108
20464
30572
3726
5473
9199
2928
5871
8799
2060
4730
6790
2076
2886
4962
1721
4063
5784
1156
2552
3708
2846
4968
7814
1882
3125
5007
2377
4013
6390
4679
7948
12627
1816
2582
4398
1979
2255
4234
1071
2069
3140
2611
3436
6047
1601
4654
6255
5214
8750
13964
1624
3027
4651
11285
21089
32374
1179
1848
3027
928
1783
2711
2141
4843
6984
4420
6374
10794
4066
3709
7775
10621
17603
28224
1059
2363
3422
1708
4617
6325
1532
3212
4744
1151
2280
3431
860
1851
2711
1363
1848
3211
1548
3450
4998
1505
2941
4446
1855
3149
5004
1188
3148
4336
1843
3947
5790
1533
4033
5566
3305
3134
6439
942
2215
3157
1424
2346
3770
776
1995
2771
2070
3998
6068
2213
4861
7074
4341
8360
12701
1802
2551
4353
9562
16525
26087
2539
4281
6820
1096
2773
3869
2027
3956
5983
4000
6152
10152
18529
35708
54237
1314
2270
3584
1483
1917
3400
1737
4162
5899
2569
4295
6864
3177
5030
8207
4266
9023
13289
4262
5553
9815
2213
3458
5671
1284
2452
3736
965
2366
3331
1345
1759
3104
1312
2174
3486
3740
7412
11152
1495
4503
5998
718
1905
2623
1835
3318
5153
1160
2416
3576
4114
6547
10661
930
1797
2727
29024
83216
112240
8259
18076
26335
1914
3844
5758
809
1206
2015
1090
3010
4100
18616
27360
45976
2018
2582
4600
4549
11504
16053
5886
15779
21665
1260
4119
5379
783
1598
2381
1660
2384
4044
805
1980
2785
3316
6163
9479
6905
12581
19486
3149
3970
7119
929
1497
2426
3766
7084
10850
945
2691
3636
3428
2999
6427
11207
14762
25969
561
2154
2715
1348
2505
3853
4029
2998
4911
1854
8205
5003
3106
22426
1090
1299
6584
1185
867
3150
3218
3371
727
9360
10084
1217
7014
2899
17523
1042
1123
9743
2078
7166
5616
8773
5288
1227
1055
1793
1837
510
2299
671
2072
9591
1045
817
4557
6694
1370
1082
3119
941
5410
709
22055
1233
4093
1186
7462
4312
3644
9816
1427
12854
2608
9287
2021
909
4655
4961
1205
1882
5736
1477
2475
2003
2356
9811
3054
1194
17847
2001
3073
11630
2153
1315
2632
15069
1843
3133
1229
2161
1675
1548
537
1595
7810
3007
1343
2816
686
2263
740
2894
1205
39901
120118
18867
154247
7643
7824
9650
3331
15019
4041
7831
45650
6284
14363
9159
3399
4036
7882
32299
4905
4860
11539
28450
2182
3014
8981
6216
14332
11950
6729
4276
3349
2922
30705
5048
2335
5091
57347
5578
12326
13246
1491
3109
7086
9372
13378
9710
5033
12961
3375
30672
9109
6639
6691
12592
6093
1656
15361
5358
144553
17854
8150
48444
4732
11178
5773
23516
5464
2227
3908
6848
4997
8833
4021
9620
3187
29130
4288
6473
13677
3343
5621
21349
5531
3578
10630
2563
8826
4197
4679
9302
4353
10491
16052
2451
8679
23025
4434
1625
5593
7913
19684
4092
26051
915
6635
6224
7622
18747
16356
6253
8927
9523
4009
5436
3283
4758
34862
4720
7203
4339
12687
2163
8419
8070
0
21783
2434
0
7003
23493
9
41319
2365
0
6963
3590
1
11379
5674
0
13504
1103
1
3660
20167
13
37105
19910
32
44471
27413
18
56064
1822
0
3724
1427
1
3120
1420
0
3258
1981
1
3522
2444
0
4974
5308
3
9359
42965
13
82720
503
0
931
3088
0
6020
3493
0
10483
3656
0
6524
2421
0
7925
9505
0
19511
3032
0
7616
2469
0
5291
48666
67
98810
5681
1
11478
2921
0
6023
36987
8
72007
16820
1
34461
5430
0
11248
27474
3
55101
800
0
1846
3960
0
5961
4025
1
9100
10536
30
24119
22897
0
40808
4341
0
6803
3173
0
7319
15006
0
36171
945
0
2337
3068
0
6354
3440
2
8613
5449
0
11033
8530
0
17443
1227
0
2804
3268
0
5902
3450
0
6557
8592
1
21812
9519
0
17466
6547
2
13671
56673
2
98377
15791
18
37500
632
5
1093
13676
0
31115
3718
0
8176
8932
0
21510
5604
0
13474
6155
0
12846
5371
1
10965
4537
0
7627
2286
0
3986
2288
0
3923
2232
3
4437
30605
22246
59964
9459
15551
36589
10262
10409
19228
47438
6487
9917
17826
11815
11001
58194
22141
128892
149560
27984
29361
11053
62273
33871
26145
9390
68753
11983
83050
49425
5561
112637
45008
20200
5805
33582
11125
44054
24065
19632
57451
19805
134196
2745
155336
12428
92474
23256
235118
2171
132497
133544
66480
183802
5257
3116
45206
10967
10341
6379
2779
25650
34792
6895
44975
14848
38606
18505
10183
10653
11249
11772
26751
5613
14109
10324
33102
12465
105303
10809
4803
31423
12894
18631
11181
13224
50564
22179
10155
4501
16320
50199
58671
8149
172720
896
4523
38398
8035
33463
81217
2170
4476
284660
8748
17459
10830
14445
8647
28571
7066
57405
23946
4599
47733
20630
337791
9547
8879
2479
9639
3716
10693
106133
5568
10582
52912
17080
3196
24718
64277
19403
21764
23407
58844
288860
12968
6741
106974
12961
12898
15260
1796
18001
9692
10435
35586
12759
4175
23047
15965
3575
1142
4157
27423
109995
8095
16726
5247
7638
10003
16461
2266
197244
6547
8809
18027
15863
3949
6818
15014
1535
4204
2600
3265
1710
11503
2190
8400
1165
3774
7442
14394
9645
10570
15666
10297
3346
9540
5541
1963
39467
24276
4756
11274
3537
10162
4677
75284
1425
5895
5610
18264
3690
6279
47837
38491
6014
50065
53932
12742
3213
3340
10392
1165
8523
6028
6770
75271
3087
2290
14288
57211
3738
5081
12657
4484
4723
2535
3943
4443
3730
4079
2881
558
5093
4017
2008
6134
5869
48064
16579
2831
9858
4776
5651
16684
48497
22816
1243
990
296
9523
36376
4118
541
2302
20265
1691
14050
20775
16487
4113
5143
24339
2854
11432
13087
32333
7874
7977
10861
2658
8154
6641
1151
8901
8202
20438
4425
7943
11740
8581
902
50896
6098
551
7552
6146
6214
2515
2333
9185
7984
8064
799
10559
4114
9407
4649
6013
4195
1075
4922
3518
4558
6771
7407
2152
7699
13138
5159
6702
8526
5365
39673
22606
14549
3771
15206
19597
29315
3708
2488
38792
6064
3179
38379
2679
67688
8235
26686
6393
8742
3480
6907
3185
3885
6013
6242
8096
40126
6370
2651
85956
3582
3293
8286
4108
1982
3534
15733
3644
99385
39084
80796
16298
26225
1479
14155
12720
15001
3565
24866
4437
5395
6300
4721
3987
9991
7843
1545
10826
3404
5877
3476
4776
7725
5203
22923
6909
3884
6657
4044
3917
7986
13907
13658
6151
29381
12691
11579
2021
4575
8322
8602
2560
5002
6498
1588
1537
13786
3364
2691
130588
3982
21521
19342
187982
7031
11783
15357
2035
21236
9855
7112
14915
8424
5030
15984
904
7850
4058
2188
1526
3770
4719
760
22419
1885
4208
778
3627
2329
1303
4965
41390
32695
756
1939
440
1537
3871
5544
1051
9880
21479
752
8909
4615
931
888
2049
27306
2550
6128
284
1753
1972
963
2466
546
20617
4387
2055
2466
6150
1321
8110
4699
1789
2533
1571
367
3019
843
463
50460
10077
3032
264
348
250
2499
3827
938
1428
17064
2632
3642
10685
4141
1648
2687
3692
2677
2636
3536
5042
3934
2812
6312
843
2271
10795
120919
829
2315
1351
1213
2043
7523
949
893
907
351
1030
15566
4416
1506
472
1269
4708
369
2868
2614
1496
2828
3416
500
1424
3593
74215
12674
409
354
12145
267
3551
2026
1462
2443
1836
5651
1085
1224
4158
3420
12326
2296
4457
2962
745
3734
55567
9854
11033
6667
2102
1344
597
2536
2278
348
1125
1872
8855
3011
1449
424
5234
16873
9962
493052
23237
17352
376
910
6141
2180
2108
23861
1528
18946
1764
2108
127443
3364
22765
17426
20083
9734
21909
112057
43364
102539
33162
12484
65817
217096
94116
87767
32151
28675
83908
83326
79913
42391
52274
162459
197409
143439
227232
100954
18229
74101
52123
89063
35772
11132
79651
27979
221
799
732
678
10359
4857
188
2176
1947
262
1228
1762
620
6628
3466
53
348
248
2393
22592
12609
680
11809
5652
607
4339
1634
105
405
435
68
104
125
121
388
631
604
10784
5609
640
4379
1923
306
2624
1117
294
2961
1443
210
3477
5677
42
380
588
1015
9655
4447
163
1320
1087
304
2550
3414
210
2889
1588
1590
21764
10910
262
1620
2005
2868
25818
7919
1709
12406
6342
279
2052
1142
249
1737
1665
278
2212
1649
388
2738
1754
83
608
556
1409
12301
5347
54560
13826
98174
44763
22586
20482
34528
21861
14294
18247
15168
11706
13789
71778
204774
9533
10569
16237
18997
14702
2223
19557
26417
233964
9353
18780
19025
145940
13286
368117
113921
58678
60687
93916
30221
94936
12659
33548
15256
31553
264628
38601
128151
83543
63940
31975
10423
5717
8379
25919
29777
417549
20386
15038
11354
39743
18606
17268
27286
167795
14112
6098
11562
34394
1793
188
40
2882
13205
277
125
11
1053
3711
2005
3440
65
15
312
3277
7972
68
4743
243
96
2099
4144
12678
405
69
1053
2725
17
45
199
23
2103
7710
278
9416
54786
3178
15678
40372
2641
325
25082
703
74
6271
16911
43665
2926
244
5488
26622
779
120
1383
3220
104
9
25429
5898
1053
128
2367
4909
165
4
46699
1749
139
10990
881
39
3422
18165
9454
3938
435
56
942
3539
100
6
1314
15
4259
173
26287
7336
148
883
4695
12453
424
20
6277
91
25889
1220
41798
15195
2600
247
5522
7226
415
72
3655
10484
626
27
2246
264
50344
15105
584
4162
14547
105
4524
9772
322
59
1526
5943
25226
158
6913
160
28
2254
535
16509
66117
4131
18242
618
5004
74
55395
2316
261
15856
1426
2045
49
18
2709
119
27
1028
82
2916
13884
501
3498
94
21
1352
21337
83320
4169
251
2821
6734
181
42
30071
1576
185
7608
5508
17117
682
86
28594
1678
88
9137
2523
44
10
984
2517
7674
312
44
654
39
11
761
133
2820
16019
53829
2653
355
99
8689
14688
57764
2199
227
2192
87
13
1117
3390
13503
541
55
3043
11114
321
86
7071
31956
1055
101
3327
11048
516
90
2152
26
5932
165
2554
3929
102
16
386
3764
13334
36
11314
39669
136196
591
1524
5101
179
39
6210
196
2607
31
27267
2149
131
10070
5023
20817
501
90
16475
48024
3073
377
1291
2543
62
9
899
12260
39931
1870
4702
41
15225
838
3954
1109
149
17
260
47
2856
7374
4004
21225
651
162
1384
3778
101
15
9864
327
38
3280
346
8090
30987
980
6111
311
21
1664
231
11389
46106
1631
3386
57
8286
202
9444
19340
409
454
25871
738
6742
96
11933
1546
111
37217
6888
17794
668
106
4855
12885
383
55
1652
5822
239
54
5283
89
21532
614
15595
525
68
5360
177
6372
21129
887
1088
93
44
3086
2375
8683
51
383
312
738
3
4
338
2975
15208
67750
1739
6616
243
16
57997
164477
13156
1105
8
1338
2527
103
74
9
758
1927
3280
11309
564
101
808
5580
25040
152
18887
832
116
8977
4269
14907
541
33
5486
10495
52
406
262
72
1601
5574
962
3531
1163
543
2628
1384
909
36595
47873
1461
1829
914
1877
862
1697
1326
847
18123
1076
963
1089
1137
1614
898
2223
1132
4627
4231
3798
12839
2877
1141
909
2350
1493
3609
1661
993
5576
1427
1325
644
285
351
12323
622
7185
796
2650
3186
20635
1815
12501
10269
33201
19863
27656
11369
20988
22758
17257
114831
10634
15334
40403
76964
15984
35607
12362
15402
195164
22234
13302
70448
22493
51999
9706
210830
15893
10314
33844
53399
13314
172365
26052
9911
5484
10873
16269
9679
10384
19484
11249
22317
23112
72924
20013
61359
18182
83297
82398
14737
61249
19219
66308
8127
19710
42677
5396
125566
5168
14609
28147
5050
14872
7203
13062
21607
9352
47681
17146
16576
41298
22801
19311
22978
17241
20740
111478
125910
55983
30652
23982
11616
4531
91132
22161
36764
13461
36877
8564
103
985
4772
5860
49
357
1485
1891
94
1524
3214
4832
72
459
1407
1938
188
1611
4675
6474
92
554
2408
3054
348
2717
10934
13999
182
1023
5681
6886
3264
12522
34765
50551
419
4372
10154
14945
419
2666
8552
11637
90
1532
3011
4633
32
355
473
860
4516
19061
43648
67225
34
732
1389
2155
1018
3723
16082
20823
37
631
1399
2067
110
970
3660
4740
693
3842
19563
24098
311
1771
5611
7693
562
2705
11140
14407
71
258
1655
1984
51
294
1240
1585
666
3124
12803
16593
238
1956
6869
9063
889
3302
16187
20378
58
255
1481
1794
25
431
1055
1511
15
247
447
709
59
243
982
1284
70
1215
2871
4156
95
648
3001
3744
177
1820
4298
6295
28
503
1489
2020
45
910
2507
3462
343
2439
9701
12483
135
1652
3958
5745
95
599
1875
2569
77
775
2504
3356
293
3328
11712
15333
328
2476
9691
12495
952
4484
12312
17748
50
1034
2426
3510
126
777
2184
3087
141
1802
3405
5348
310
2556
10648
13514
711
2486
13808
17005
175
1761
7549
9485
167
1121
5099
6387
127
1731
2831
4689
379
2394
13777
16550
93
1055
2705
3853
66
892
2816
3774
57
634
2389
3080
14778
14804
114036
143618
269
1833
7998
10100
470
3555
10379
14404
164
1779
6547
8490
120
901
4384
5405
615
4514
12833
17962
320
2716
10805
13841
199
2164
8604
10967
881
5012
15022
20915
80
1061
2884
4025
44
351
1153
1548
1369
9730
24843
35942
150
1167
4634
5951
266
2092
10133
12491
431
3018
11643
15092
151
1202
2966
4319
30
595
1381
2006
7525
13416
124300
145241
905
7929
19653
28487
541
3659
12636
16836
123
715
3192
4030
86
993
1876
2955
165
1911
4155
6231
7060
14187
106387
9913
17227
20849
12012
8000
54850
41561
805
3490
3307
3854
61743
7454
31129
24675
3421
77376
11645
43078
7710
77089
3408
70759
23768
890
7971
20973
9942
3366
6837
92590
618
29536
30642
9460
146
40248
220707
59740
3148
283595
24029
4162
105
28296
46773
9796
268
56837
19603
3948
107
23658
97251
18691
735
116677
36580
9532
240
46352
19486
3254
197
22937
148928
48169
1625
198722
64294
15086
393
79773
41647
7328
433
49408
1312
338
4
1654
20326
3208
174
23708
30782
7877
170
38829
104186
32176
937
137299
12679
2328
29
15036
26219
4169
93
30481
10684
2226
55
12965
18148
2924
118
21190
24557
5009
119
29685
62582
17278
407
80267
55905
12872
697
69474
100303
22069
1049
123421
10724
1784
35
12543
56487
11442
937
68866
37089
6193
351
43633
1583
314
5
1902
48127
11312
165
59604
6059
942
38
7039
10649
1627
43
12319
15373
2190
64
17627
24660
4458
97
29215
15387
2812
36
18235
8308
1381
32
9721
45790
10070
401
56261
140214
24543
1504
166261
25669
5560
118
31347
39124
8818
340
48282
70853
19070
1284
91207
75152
16119
1173
92444
34924
6878
159
41961
12317
2035
49
14401
30716
6845
200
37761
14255
2829
100
17184
31765
10515
396
42676
152478
44411
1422
198311
4790
1126
28
5944
66942
21653
1222
89817
25474
4562
204
30240
16146
2872
55
19073
118451
23922
1938
144311
13594
7710
233
21537
6123
1194
17
7334
43942
7502
221
51665
12145
2454
65
14664
27536
4356
101
31993
2279
432
10
2721
13067
2904
143
16114
13718
2505
49
16272
10298
2560
111
12969
15910
2833
140
18883
12173
2122
50
14345
63414
12171
344
75929
14991
4931
149
20071
110249
24161
598
135008
8560
1623
39
10222
125588
27601
1695
154884
2865
4721
5378
1265
2350
11222
18638
8771
3203
8663
2075
1760
3781
2610
1171
9212
6001
974
2832
3823
177
2784
6673
7461
3692
8003
4029
12971
2493
3983
6214
5382
4237
2462
20602
2413
7086
5664
6650
152
4197
4153
0
0
7
8509
1226
31934
20355
26
0
51
53592
16
419
376
0
0
2
813
1808
33096
36713
18
126
67
71828
63
1152
1159
0
0
2
2376
99
3106
2383
9
5
3
5605
2631
35727
20529
117
17
102
59123
2875
33841
28028
7
26
0
64777
96
2165
2206
0
7
0
4474
4852
64986
29268
16
61
82
99265
261
9291
9063
72
1
9
18697
190
5028
3810
0
0
2
9030
203
4940
6535
0
0
4
11682
233
5080
3752
0
0
0
9065
221
5492
4976
0
3
4
10696
358
9261
7388
0
3
7
17017
268
2767
3490
0
1
0
6526
1153
29731
12955
0
0
0
43839
171
5588
3329
0
0
4
9092
134
2373
2272
0
2
11
4792
666
19797
12141
0
11
0
32615
851
14386
7071
2
0
16
22326
4654
85390
67776
178
345
198
158541
641
10721
8265
28
22
38
19715
109
1831
1858
1
0
2
3801
4604
84952
51986
42
0
135
141719
375
6419
3094
0
2
10
9900
448
11941
8865
6
0
29
21289
724
22227
10515
20
44
93
33623
321
9401
11309
17
37
25
21110
81
1511
1485
1
0
0
3078
3219
54161
39378
78
39
90
96965
182
3159
2555
0
0
10
5906
285
2454
2113
1
43
0
4896
82
2512
968
0
0
3
3565
240
6125
5700
0
2
0
12067
1137
17161
13400
24
35
15
31772
335
7003
6407
0
1
4
13750
791
28352
16355
76
60
94
45728
2950
34146
20846
7
23
47
58019
89
3126
3236
0
0
1
6452
2280
54394
46038
168
40
112
103032
867
12464
7865
6
5
8
21215
110
4088
3853
0
47
4
8102
92
2657
2773
1
0
1
5524
2555
58283
27073
20
106
202
88239
1056
4826
676
2236
8575
10645
1694
164
4024
706
2551
1382
2574
9349
631
4313
6208
1876
1717
793
1419
1618
3135
920
2594
1790
1004
2560
1376
1611
754
5379
2918
530
753
708
477
1989
3819
9904
22621
993
1288
2227
1087
10887
434
841
51842
2068
406
35009
1342
1059
2514
929
2145
1260
716
497
2150
3374
6160
1940
6650
388
24582
15772
5886
5254
50699
38836
13115
5682
9547
20167
14987
6206
11463
3117
13105
19174
4674
27399
102256
4596
7599
19002
11603
16756
8555
15016
16346
10394
9630
25586
5334
20154
97195
2558
5793
10293
22066
3286
10083
11629
8265
2989
6400
4586
21068
6829
130815
1493
5633
16429
4852
13208
25226
8958
23385
10788
12426
37376
19673
9437
5085
18526
47795
3060
7427
10596
9042
3139
2441
7302
25554
11974
21011
26260
88811
8608
6522
35207
118917
7655
5389
58154
68767
20303
3359
6876
7384
2718
13192
42299
6016
10541
10717
94562
56425
11566
15597
4207
5205
20900
26049
8653
10090
3545
4592
843
1029
9977
13142
10018
12457
1002
1395
9307
10939
18700
23301
1240
1471
4581
6111
58441
75161
266141
337545
5556
6447
295
370
5667
7969
20571
27122
81987
95867
46381
56671
1913
2545
469
666
673
1077
10887
14593
6018
7590
18103
21795
7086
8880
4123
5939
4877
6180
44801
60991
3261
4011
1888
2866
9234
11693
953
1594
17512
20567
13043
16593
1560
1991
3383
5288
455
735
1164
1623
3196
3712
239834
279534
757
1066
6188
7824
64665
74756
4405
5679
657
1038
12014
16975
12916
16688
485
565
845
1195
833
1087
832
1416
259
451
852
1285
247515
322569
2131
2810
2465
3233
1582
2250
214774
250521
5002
6515
567
844
1026
1653
1261
1512
1773
2439
5613
7397
23355
32429
672
869
72452
105124
53455
64763
12180
15349
2683
4520
10124
13648
7490
10699
1094
1487
1336
1715
382
448
147573
173592
3381
4473
5777
7500
1775
3060
4753
5840
85647
100295
1014
1374
10472
13202
465
623
2353
3178
4862
5981
5120
6691
41390
50556
27575
33026
8388
11197
45180
54691
5607
7283
681
992
2888
3809
1369
1842
791
1210
19922
24691
574357
722695
18988
22658
1433
1843
1368
1918
48703
58438
1078
1412
24973
31379
81276
110760
10219
13669
4987
6616
25094
30174
10652
13754
5063
7247
6307
7817
292
759
26183
36137
5763
7273
630
761
3000
3819
4249
5386
10331
13162
544
699
39660
46596
414
725
5356
7636
49899
60752
3689
5988
2724
4001
35105
44063
19790
22668
86
115
279
390
18599
21615
1642
2126
100
129
861
1063
4143
5612
568
1156
927
1417
12988
17044
1934
3398
7353
8961
6863
9215
5252
6724
5565
7982
20607
25241
5346
7081
622
1125
3066
4307
9576
10902
68
86
73735
86547
1361
2175
3565
4498
2616
3577
1405
1825
1780
2076
7910
9957
6143
9285
2314
3033
47987
64606
349
448
14754
17464
700
861
37492
46944
7244
8691
1968
2418
1640
2144
8012
9825
182132
221964
3166
4458
2909
4092
446
612
13048
17575
10444
14983
3189
4781
2589
4048
52982
67201
2069
2723
566
895
24626
30191
8239
11093
6537
9500
62712
75168
1102
2123
2288
3042
16070
19216
17757
23007
480
686
4661
5649
44987
53314
599
800
1353
1625
3395
4682
1657
2340
1557
2134
378
547
4977
6177
37694
43542
2405
3580
12823
17234
3839
4972
2104
2917
7928
10524
13196
17337
1756
2412
733
906
3808
4945
1171
1565
5602
8164
609
817
61991
74862
3745
4493
6915
9487
2610
3368
462
583
446
604
968
1167
1297
1840
345278
426626
32885
41198
248
314
2157
2815
562
823
6082
7861
26755
33399
135768
170787
4912
6136
5713
8286
12967
16939
925
1149
4627
6482
7076
9162
14617
24351
18522
25010
14372
17515
14204
17077
2164
3115
11608
14020
22719
33384
10683
12439
1683
2093
25412
31818
2851
3566
1801
2856
130257
155310
17160
20894
1010
1646
27172
32385
16654
20621
1630
2039
6094
7298
2099
2970
860
1482
2781
22853
39457
6719
443
101293
7815
4341
2211
2327
21571
5671
3277
5558
5300
854
1211
221555
3613
10653
9526
10783
23484
13599
203476
11495
73165
1238
67549
7616
9404
9885
11439
3148
8097
2725
2673
5963
7224
10289
11700
7306
10586
9659
21513
16112
6093
5776
11742
7243
25223
32429
1976
38017
2998
15796
5197
3523
7939
4847
2035
23032
9511
13152
1917
3963
3428
60550
94030
5641
5883
1642
2562
17685
3335
6894
5701
9549
744
3245
181895
4302
1620
26825
6551
8777
22319
1476
33117
4480
1946
7102
15918
11521
6544
7432
1936
10741
18383
45569
6266
62882
16800
1095
3838
14659
23575
2608
9500
8080
3866
8674
1030
92107
15084
3594
19574
5671
6670
2314
2155
4106
9791
4357
22179
5004
10974
26385
24377
3183
4938
1174
4168
13764
10123
7746
1702
24310
5800
12370
14918
4782
10590
90203
12732
3197
2943
2697
17041
34453
15787
8468
33033
11303
7769
9392
17215
11521
6133
42531
40590
5778
22112
2205
2322
16711
109375
15400
22455
5882
6003
2119
5252
13655
12267
20722
3767
7004
59555
22363
21632
123998
1737
34580
13095
2667
19086
973
24326
19432
20967
6324
252193
59080
14645
7178
29322
5272
18127
11555
7010
5826
188194
2890
30765
3961
161371
145338
19895
62282
1757
15476
49213
8699
49368
5071
37580
6314
3991
6986
21229
2391
2597
2541
10910
1822
4949
10517
8464
9462
4997
20480
9907
16573
43352
5550
5770
9500
15881
9808
8232
4310
18372
10247
7325
21084
5089
7009
7960
11593
2687
2632
2889
11176
19868
23644
8356
3473
4189
3931
5422
2669
2991
7633
11934
2478
4718
2120
26380
6503
7763
4191
16726
4860
79132
5213
7008
19488
23399
10481
17988
5113
85454
33067
10099
11732
14726
27728
2356
37272
3382
15922
10843
7458
6631
2557
6204
28771
9525
47478
8267
32247
5256
7782
10633
28200
46213
16670
6041
296
138022
14563
17675
14455
60827
34504
2798
14417
18296
20987
5763
56347
5207
40218
5660
18798
6422
15850
38763
35537
8209
9661
8807
9837
36603
6962
61604
162768
20093
9625
49179
24997
8930
4867
16006
4952
5756
3805
11552
4893
2082
3936
28063
8957
24671
1108
13084
3874
12041
3905
12541
4134
7282
3125
3069
