293
1276
77
55
200
21
49
480
101
79
122
29
57
30
45
187
270
41
26
87
25
322
151
97
229
401
90
382
65
96
63
20
55
59
442
176
4738
47
513
97
1059
691
25
58
3432
46
92
244
2016
58
1197
550
20
48
73
61
173
1619
314
37
211
133
966
178
38
18
64
283
383
354
344
262
412
243
220
313
261
246
226
237
242
247
293
257
152
183
236
274
168
331
284
296
226
192
256
278
218
220
170
216
318
351
350
194
371
317
215
14
162
63
17
242
409
109
5
523
18
3
0
786
32
120
3
155
61
15
1
84
10
14
3
0
27
29
12
3
44
19290
407
112
9
528
157
61
61
5
338
4389
876
55
5320
1184
314
9
1507
89
33
0
122
502
76
3
581
366
50
15
8
439
0
53
19
0
72
2
68
30
0
100
8
175
95
0
278
42
1768
831
0
2641
5
169
75
0
249
2
16
15
0
33
2
16
9
0
27
5
119
81
0
205
2
13
15
0
30
1
87
48
0
136
0
42
27
0
69
6
87
61
0
154
1
19
19
0
39
3
56
25
0
84
2
89
69
0
160
9
418
256
0
683
5
210
135
0
350
3
153
79
0
235
2
80
32
0
114
1
19
15
0
35
1
24
29
0
54
2
46
40
0
88
15
782
267
0
1064
4
77
34
0
115
0
36
42
0
78
11
564
158
1
734
0
59
38
0
97
3
160
61
0
224
2
52
40
0
94
4
117
69
0
190
2
37
19
0
58
3
147
86
0
236
1
69
31
0
101
2
31
28
0
61
2
115
164
0
281
3
86
66
0
155
0
23
12
0
35
3
51
42
0
96
3
46
15
0
64
2
21
21
0
44
0
25
30
0
55
1
80
56
0
137
6
337
118
0
461
2
56
35
0
93
6
68
23
0
97
0
96
50
1
147
3
90
48
0
141
1
24
12
0
37
2
39
25
0
66
0
25
26
0
51
2
18
33
0
53
3
84
41
0
128
1
43
41
0
85
0
39
33
0
72
2
26
10
0
38
2
43
50
0
95
6
72
44
0
122
3
318
150
0
471
0
14
21
0
35
51
1744
1277
6
3078
1
61
40
0
102
14
685
259
0
958
0
15
17
0
32
0
16
24
0
40
15
515
292
0
822
1
30
30
0
61
2
66
41
0
109
1
60
33
0
94
1
62
47
0
110
6
108
72
0
186
3
82
43
0
128
32
1470
978
0
2480
8
289
232
0
529
0
17
24
0
41
2
56
40
0
98
27043
14
472
2644
553
154
15232
261
2345
7325
231
2540
1306
242
6087
778
706
221
108586
1118
3270
220
1437
1980
107
196
3756
1683
1830
37671
5364
268
21825
19685
677
18779
35657
14780
7273
3640
9250
4797
24675
4551
1824
34
600
4691
7272
4517
288
519
137
383
78
114
997
1747
172
391
4525
5000
1684
1216
253
469
4853
178
7223
184
35
45
3980
949
284
17
122
104
68
46
61
408
7588
17
3922
537
7282
324
487
596
118
243
280
11
116
21
7339
13
46
780
120
4666
158
42
170
1687
15
125
285
417
274
212
62
266
44
192
77
1736
47
123
316
106
19
98
21
371
295
33
3503
77
5256
12
5762
0
1170
1
1247
3
6362
0
1785
0
1055
0
657
1138
3079
1333
10618
1412
33
691
39
2221
6462
23
416
365
691
858
146
46
27
3789
1099
311
39
122
60
14
24
28
43
73
536
195
6153
22
403
78
28
13
1135
1661
1325
85
15
33
1040
950
400
6064
197
279
659
47
6057
1387
4711
2228
3274
1991
132
541
1170
2365
1088
943
284
75
34
22
1663
94
164
44
5
1
2
2
33
10
72
92
7
3
136
7
4
13
55
48
16
12
0
54
3
108
47
5
444
3
13
432
244
2
351
2
1951
10
15
301
9
186
5
7
18
30
15
2199
7
6
52
252
2
3
46
10
5
7
13
257
78
758
9
3324
17
0
86
35
12
12
3210
39
185
5
21
33
15
2
354
178
4
66
9
4
5
4
0
14
9
2
26
26
53
6
8
87
32
4
26
9
8
8
12
4
8
20
4
10
15
207
129
79
26
223
18
28
2
8
23
5
12
0
15
4
174
135
2
3
2
60
16
1
16
3
1
11
7
3
6
26
20
12
7
5
53
1
5
26
11
56
115
21
1
9
19
1
1
20
92
1
7
4
9
1420
4362
447
1034
5998
58
1136
60
96
498
311
94
582
1570
146
40
24
2164
90
222
3
87
57
226
174
177
178
119
235
360
173
1769
600
98
34
53
535
151
420
76
80
214
79
137
193
836
122
102
485
26
180
416
50
314
61
157
91
2194
236
148
104
372
392
46260
157
83
989
154
135
14009
137
38
337
122
132
232
337
46
117
431
57
170
23
67
492
198
435
61
233
191
219
64
4027
885
1403
433
5608
739
107
324
267
258
738
463
2718
236
95
134
54
235
2834
1665
98
181
369
247
212
97
442
1678
150
194
120
19
29
66
248
112
1239
141
2052
76
28
161
2441
53
357
1251
104
510
82
152
106
101
91
529
6828
477
2114
328
157
1678
442
49
72
437
83
114
135
703
145
122
74
109
260
146
225
558
337
622
87
454
89
99
79
187
291
149
2198
475
270
804
241
448
206
207
180
99
185
144
768
163
405
111
2101
523
243
719
3726
231
71
184
615
209
360
66
168
30
97
97
96
110
54
1012
134
78
195
127
134
109
126
223
149
1343
97
158
114
54
828
85
29
649
116
571
133
46
348
131
300
142
160
204
23
35
58
15
18
33
36
47
83
29
43
72
17
40
57
27
129
156
256
531
787
82
147
229
54
118
172
47
102
149
29
62
91
20
75
95
6
40
46
56
88
144
33
70
103
41
92
133
123
212
335
27
46
73
32
43
75
25
39
64
43
51
94
31
63
94
157
194
351
22
49
71
299
565
864
14
29
43
19
39
58
51
74
125
97
148
245
69
59
128
234
404
638
14
35
49
31
113
144
36
59
95
13
45
58
16
30
46
13
30
43
25
81
106
33
61
94
38
45
83
14
45
59
28
62
90
33
79
112
70
64
134
21
45
66
14
46
60
10
37
47
30
93
123
43
80
123
92
164
256
76
86
162
504
805
1309
53
113
166
12
39
51
34
72
106
108
192
300
514
1183
1697
23
39
62
29
37
66
15
45
60
36
74
110
48
73
121
77
175
252
115
129
244
30
54
84
20
48
68
12
47
59
26
20
46
21
41
62
87
214
301
20
57
77
13
32
45
28
53
81
18
36
54
53
108
161
8
31
39
846
2466
3312
143
423
566
65
90
155
16
14
30
18
40
58
442
797
1239
26
47
73
65
179
244
222
571
793
18
108
126
7
20
27
34
42
76
12
30
42
47
109
156
131
304
435
58
66
124
13
30
43
61
143
204
18
58
76
106
79
185
252
396
648
14
37
51
24
67
91
99
46
100
19
117
99
61
451
18
16
121
26
11
62
42
45
13
179
210
14
100
45
609
9
16
186
34
132
116
204
151
14
20
23
29
7
28
9
33
216
11
10
96
146
19
19
48
12
89
19
484
21
56
23
201
92
85
193
12
253
25
153
42
16
53
93
18
35
162
26
40
34
49
186
52
30
394
37
47
437
27
21
54
300
32
55
15
45
25
22
9
20
153
46
26
55
10
30
10
38
12
1130
2289
600
3750
67
73
174
53
179
60
79
839
132
243
173
44
63
112
516
54
52
241
700
16
37
109
48
226
245
83
44
47
31
589
67
36
67
2532
79
219
441
15
35
84
134
151
123
36
186
64
684
64
92
63
208
103
17
203
61
5304
423
102
1277
75
127
82
274
56
45
55
106
46
98
53
124
43
704
64
101
179
21
98
310
31
57
176
59
149
35
48
161
75
128
234
35
144
602
68
9
81
95
208
81
261
14
87
137
55
406
354
94
106
145
35
77
37
67
764
72
76
55
119
51
223
76
0
200
27
0
73
353
0
800
38
0
109
38
0
154
50
0
131
9
0
55
161
1
484
293
1
1060
310
0
942
11
0
25
10
0
22
7
0
30
26
0
50
21
0
68
44
0
108
1059
0
3136
7
0
34
37
0
94
30
0
129
27
0
60
22
0
73
102
0
262
54
0
188
23
0
68
1015
1
2933
64
0
148
16
0
38
523
0
1472
161
1
391
76
0
224
222
0
603
17
0
45
39
0
106
47
0
158
1213
2
3499
218
0
631
43
0
97
31
0
98
168
0
521
26
0
62
35
0
94
20
0
60
72
0
239
121
0
333
20
0
78
23
0
80
73
0
198
100
1
331
76
0
210
57
0
179
649
0
1574
187
0
554
10
0
29
125
0
396
25
0
79
58
0
221
46
0
112
56
0
168
68
0
155
72
0
161
17
0
32
22
0
57
16
0
44
853
327
3477
268
663
1131
407
336
397
1114
145
395
326
517
200
1664
635
8594
11157
6769
1095
333
2666
1041
2164
371
3982
324
3564
6856
256
17587
10925
700
246
1432
477
1655
1129
679
2521
1452
4813
274
7943
1256
4262
2435
20702
130
9198
5108
9109
8909
60
44
703
132
142
75
52
406
584
117
830
253
649
222
206
161
230
171
565
80
217
169
740
293
2616
132
83
659
198
227
237
153
2336
331
166
62
388
948
1858
107
4612
19
67
497
167
540
1183
33
66
7820
177
517
187
247
112
552
74
947
378
63
1051
307
11909
167
121
35
151
50
160
1755
103
148
1059
210
60
460
1024
314
268
428
4611
28144
182
150
4703
285
386
362
58
723
263
396
1292
250
101
475
647
54
90
111
613
5197
231
370
139
216
207
468
79
16634
171
218
399
415
102
131
359
36
95
67
127
22
273
60
242
42
65
155
347
198
189
277
306
79
355
120
80
1842
562
147
236
72
238
120
6242
42
107
138
640
76
111
1596
838
139
2102
1533
391
79
78
208
35
208
110
163
3047
102
62
487
1473
100
86
101
68
46
22
64
35
32
54
37
31
38
68
64
91
59
1761
335
20
61
26
47
175
659
1009
59
30
34
55
422
41
27
32
170
9
322
284
201
28
49
294
73
82
197
508
78
96
102
24
78
61
24
234
143
187
28
120
93
61
41
502
58
13
52
37
64
39
44
92
49
48
29
100
47
173
134
66
23
31
62
59
62
56
38
14
39
61
17
22
27
12
948
187
62
18
98
65
160
11
2
300
21
8
191
7
859
50
213
24
40
15
31
14
16
17
25
21
228
25
9
856
17
5
39
13
6
31
56
22
1286
312
606
122
1498
7
56
73
62
17
114
26
20
25
14
14
57
32
4
41
8
24
20
13
33
13
134
43
13
15
12
6
30
100
103
20
335
54
90
5
16
46
51
10
12
43
3
11
43
12
6
1304
17
109
1610
4632
46
25
56
9
98
35
29
69
27
15
50
2
27
152
149
137
125
160
16
876
92
168
14
91
134
36
167
1239
1685
3
178
6
46
246
180
29
429
1127
16
214
128
17
21
71
2010
46
288
2
41
77
7
81
16
602
118
158
108
166
72
588
109
45
86
46
13
106
30
11
1925
98
8
0
2
1
15
34
0
7
140
22
14
111
25
4
11
24
28
15
17
25
40
23
38
4
14
102
2046
3
14
4
5
4
75
1
1
4
0
9
139
24
10
2
7
17
0
17
28
18
17
25
0
7
22
1158
110
1
1
71
0
31
11
10
23
3
40
4
6
21
14
62
9
18
26
2
23
588
56
79
44
9
7
0
19
13
0
12
12
61
26
9
2
47
610
268
14256
624
368
7
13
148
45
41
554
47
399
38
36
4838
87
269
252
471
130
645
2327
913
1762
730
254
1775
8163
2548
3155
662
546
4097
2195
5986
1218
3048
10042
5478
4667
3529
6285
410
3854
1215
3554
870
932
3193
2334
0
0
0
0
136
0
0
79
107
0
0
0
0
103
0
0
0
0
186
662
722
0
0
114
0
0
90
0
0
0
0
0
0
0
0
0
0
103
111
0
0
0
0
119
94
0
71
0
0
204
491
0
0
0
0
226
161
0
0
0
0
0
201
0
0
0
54
442
510
0
72
0
145
739
483
0
691
694
0
0
0
0
0
79
0
187
0
0
0
0
0
0
0
79
232
184
1285
52
2987
472
69
65
94
90
41
66
303
45
115
771
2724
65
60
39
53
143
3
40
74
12433
6
74
98
1585
46
5391
6118
222
90
1070
174
390
25
94
122
216
10030
377
2056
601
428
387
58
24
33
68
99
3103
114
52
489
740
83
66
60
2356
0
29
965
147
46
71
144
56
151
54
79
777
2174
308
1435
265
42
337
63
674
529
198
49
52
328
128
454
1526
129
209
1043
331
121
2860
157
2403
391
942
45
37
247
33
3825
132
576
397
825
74
233
17
903
298
1148
37
234
177
363
197
196
59
149
10585
61
70
455
423
1365
58
657
1227
41
191
241
97
180
799
84
520
120
314
342
559
213
171
79
223
160
242
57
239
13
1321
150
10317
143
32
456
390
225
294
163
101
10
45
8
3
25
7
5
499
1009
10
18
7
11
4
7
11
7
322
2
4
12
7
14
2
17
9
38
23
25
130
13
6
3
24
15
35
17
5
62
15
19
4
3
2
83
10
61
4
35
40
226
11
112
35
203
121
185
153
103
118
59
759
65
81
269
392
74
193
74
80
2553
88
98
517
180
393
52
3374
105
46
195
499
75
1940
206
56
29
66
55
50
39
111
48
247
135
576
104
393
99
659
819
95
408
119
443
43
106
231
49
1191
22
72
162
29
115
51
70
140
39
388
66
93
239
152
122
86
128
94
818
1310
388
158
144
55
18
530
115
268
91
299
55
3
9
75
87
0
5
22
27
0
6
37
43
1
2
17
20
2
11
72
85
1
3
48
52
4
23
153
180
4
15
125
144
80
127
826
1033
10
34
158
202
12
33
240
285
2
9
25
36
0
4
5
9
136
265
1368
1769
0
7
28
35
21
44
386
451
0
12
29
41
6
13
65
84
15
32
377
424
11
22
116
149
12
11
144
167
0
4
16
20
1
4
10
15
11
24
258
293
4
15
73
92
16
20
231
267
1
9
20
30
0
3
16
19
0
1
3
4
1
2
10
13
1
7
30
38
1
8
61
70
5
12
89
106
0
2
24
26
0
7
55
62
4
18
196
218
2
13
43
58
1
6
35
42
4
4
27
35
3
14
152
169
6
27
151
184
24
43
287
354
2
6
40
48
4
10
35
49
0
7
42
49
10
18
228
256
14
14
244
272
1
12
82
95
1
11
75
87
2
20
59
81
3
37
262
302
5
11
51
67
2
7
38
47
2
2
35
39
390
182
3795
4367
7
15
176
198
9
35
216
260
6
15
113
134
3
7
73
83
16
84
384
484
8
17
163
188
10
26
197
233
33
58
353
444
2
7
37
46
0
4
17
21
26
107
430
563
8
14
85
107
9
10
114
133
7
20
186
213
0
16
57
73
3
3
14
20
205
156
3340
3701
16
73
399
488
14
75
292
381
1
4
46
51
1
21
34
56
1
17
71
89
248
1905
8188
759
1068
1054
402
410
3891
1652
32
136
138
433
3331
322
1412
874
100
7283
933
2240
317
5022
169
16222
1556
37
479
883
473
152
412
10826
35
1958
140
76
2
218
2499
1112
80
3691
60
27
1
88
242
65
1
308
44
22
0
66
701
233
8
942
133
62
1
196
59
23
3
85
1318
617
36
1971
227
113
1
341
163
47
4
214
7
3
0
10
95
26
1
122
251
117
6
374
1083
508
17
1608
34
9
1
44
84
35
0
119
44
18
0
62
80
30
0
110
88
26
1
115
696
245
12
953
623
254
16
893
1576
506
45
2127
39
13
0
52
423
154
10
587
84
38
0
122
11
4
0
15
190
85
5
280
11
1
1
13
219
16
0
235
38
15
0
53
78
44
1
123
45
11
0
56
23
6
0
29
260
129
5
394
850
285
15
1150
108
36
0
144
195
87
4
286
953
449
29
1431
385
165
12
562
148
63
1
212
48
9
1
58
152
40
0
192
43
14
0
57
290
139
12
441
2026
917
41
2984
35
9
0
44
594
306
30
930
123
38
3
164
83
20
0
103
4482
1627
124
6233
77
66
1
144
15
5
0
20
200
68
0
268
32
13
0
45
89
14
0
103
10
2
0
12
45
21
0
66
47
23
1
71
75
29
0
104
65
21
2
88
40
13
0
53
194
58
2
254
75
23
0
98
388
175
4
567
40
20
0
60
675
278
25
978
313
268
161
76
124
425
902
460
215
527
110
60
108
100
96
258
300
60
190
202
28
235
458
312
144
669
280
1804
118
145
258
482
213
140
1040
76
285
266
253
0
37
65
0
0
102
11
335
415
2
1
764
1
15
25
0
0
41
23
244
480
1
0
748
0
27
32
0
0
59
2
47
39
0
0
88
27
362
351
3
0
743
45
424
557
0
0
1026
1
30
41
0
0
72
102
1089
967
6
0
2164
1
59
82
0
0
142
3
34
75
0
1
113
4
58
89
0
0
151
5
71
72
0
0
148
3
65
73
0
0
141
5
96
135
0
0
236
1
17
55
0
0
73
12
356
624
0
0
992
2
41
64
0
0
107
2
37
78
0
0
117
13
315
285
0
0
613
15
160
128
0
0
303
91
1021
1659
19
2
2792
8
119
158
1
1
287
0
34
52
0
0
86
28
554
679
2
2
1265
3
56
61
0
0
120
4
133
147
0
0
284
7
220
192
3
1
423
6
82
157
2
0
247
0
347
52
0
0
399
42
508
759
3
1
1313
4
46
74
0
0
124
2
40
50
1
0
93
1
29
23
0
0
53
2
74
89
0
0
165
13
130
170
0
0
313
8
114
192
0
0
314
12
226
258
0
1
497
94
1067
1162
0
1
2324
0
46
28
0
0
74
17
433
732
1
2
1185
16
164
218
0
0
398
0
28
53
1
0
82
2
52
93
0
0
147
41
675
621
4
3
1344
30
134
19
43
274
251
46
9
79
5
51
34
97
233
8
85
173
36
40
43
17
26
77
21
72
36
12
37
16
28
13
159
46
13
16
14
10
39
87
310
564
25
28
61
19
258
18
28
1548
55
72
1037
17
17
63
21
60
23
13
42
27
85
112
29
220
23
441
196
57
46
861
558
108
67
102
231
290
85
100
29
143
318
51
247
5918
51
91
289
84
220
67
183
202
119
68
364
46
215
2806
16
79
97
213
55
62
161
76
48
97
50
244
61
3533
17
62
165
47
138
358
98
464
119
146
569
192
103
46
189
1224
52
79
83
96
19
26
69
394
158
328
382
2189
55
76
441
5821
86
71
763
1120
252
36
87
69
23
176
804
53
128
109
2411
974
30613
31
50
10739
9
14
55965
60
84
19849
31
43
7008
4
8
1429
0
0
32142
44
77
22116
28
50
3172
1
5
19026
34
53
61403
143
217
2430
9
13
15979
21
33
240207
457
684
1295580
3483
5079
11014
27
36
487
0
0
13638
19
32
62656
67
102
249840
930
1271
133384
416
650
7408
14
24
1037
1
3
4945
5
9
25500
30
48
13840
8
22
39186
48
72
27097
71
102
13223
11
16
10439
12
14
238215
311
462
8424
6
8
4297
9
13
21812
8
12
3694
3
7
37026
43
70
32121
54
79
3804
6
7
8291
8
15
1676
1
1
2460
0
3
6139
5
5
748752
7026
10428
1887
0
0
14775
11
17
143696
247
356
10022
3
6
1795
0
4
30193
39
55
46995
80
118
994
1
1
2674
4
5
2289
3
4
3638
3
3
1707
1
1
2873
1
5
1467410
6464
9912
6776
7
12
8756
11
15
4112
3
3
661565
2804
4064
11357
9
16
1433
0
1
6706
2
4
2414
6
18
8031
4
6
12520
12
22
86640
81
115
1496
1
2
521945
1134
1828
147399
286
423
25961
26
36
10562
14
26
24942
32
58
18353
21
41
2705
1
3
3660
4
6
806
0
2
555569
5110
7693
7599
4
8
13406
7
9
9526
11
22
10467
10
16
245695
643
972
2651
2
3
21884
25
39
840
0
0
5833
10
15
13174
13
17
12317
8
13
100124
145
216
76263
114
170
21080
32
48
130489
239
345
18272
30
42
1886
3
3
6260
5
8
3002
1
2
2388
3
4
43116
19
30
2693055
10432
16291
47283
51
81
2846
2
2
3442
1
4
186198
634
882
2347
2
3
59479
53
90
446417
807
1183
26962
25
40
13984
6
15
51704
81
115
25383
27
42
13901
14
20
17198
14
21
2212
0
0
72860
95
147
13442
12
18
1230
0
0
5857
3
7
9894
7
13
24496
14
16
1574
5
6
147938
254
372
3548
0
1
26414
11
23
129287
183
268
10883
8
19
8449
4
7
108165
192
297
38959
72
97
270
0
0
599
0
0
40065
52
79
3318
1
7
165
0
0
2175
2
3
18689
18
28
2230
2
5
4210
5
6
33110
59
91
7883
7
11
16913
32
45
14389
13
22
12168
8
16
12654
7
15
54530
35
42
14443
17
29
1818
0
0
7774
8
12
18455
32
39
128
1
1
197198
378
550
4385
7
7
8471
7
10
7822
11
18
3497
3
4
3278
3
5
22394
41
57
35947
26
41
5424
5
8
159331
305
507
644
0
0
38525
73
100
1516
0
4
99004
105
150
17208
24
34
3626
3
5
4526
4
6
15649
26
32
453832
869
1345
10130
10
19
8948
5
8
849
0
1
40051
56
94
32955
40
64
9486
7
9
8494
13
21
218753
377
566
5201
5
6
1340
1
1
56232
44
74
20351
24
46
17836
5
11
127635
201
266
4549
1
4
8328
15
23
44308
46
66
59681
95
156
4429
7
10
9404
12
15
100105
191
249
1803
3
6
2698
5
6
8746
4
4
7838
6
7
4938
8
10
722
2
2
12600
11
17
87932
188
261
6807
6
9
34277
31
54
8446
6
7
6038
3
4
20406
24
41
45265
59
86
3795
1
9
1732
1
3
9366
8
15
2439
1
5
16355
8
16
1448
3
3
162009
272
417
7420
15
22
36420
32
36
5881
3
4
892
2
2
955
0
1
2348
1
2
3900
6
9
1309456
4221
6651
89791
144
224
626
0
0
6412
2
5
1217
1
2
18026
23
30
72586
116
168
926313
4799
6877
12283
12
17
14888
11
15
30374
33
50
2114
5
5
17929
18
35
30117
53
71
41749
28
51
58087
98
171
38958
52
82
44330
109
168
7047
5
7
25794
26
40
148536
192
303
26422
29
41
3408
3
4
79805
120
180
8126
10
13
11703
8
16
445326
1972
2847
39092
43
54
4086
1
1
55864
53
86
35589
33
47
4289
5
5
12394
18
24
8182
3
9
7810
3
6
27
451
1198
111
4
3245
99
35
44
120
349
74
42
71
100
12
9
9164
96
284
100
245
604
168
5333
212
1045
24
1942
896
1001
854
1909
364
709
197
256
692
515
848
1226
857
916
70
570
1214
41
30
64
33
1862
197
12
200
15
87
28
25
20
58
22
146
119
51
30
22
327
1005
1843
75
56
12
9
206
26
113
16
57
13
19
13156
275
94
315
71
102
149
32
370
173
14
30
108
102
32
68
19
72
667
429
242
1983
100
11
66
143
317
17
107
50
36
27
22
5659
116
18
269
31
235
118
46
24
40
28
510
56
58
776
915
26
41
7
34
109
67
40
131
115
47
432
78
66
119
5349
69
75
25
16
1883
346
398
63
299
26
82
30
141
55
53
612
909
127
444
34
23
77
1849
158
95
83
53
80
98
53
55
319
123
323
2969
1276
1429
8278
79
1710
607
125
810
45
995
1073
1681
839
41047
5167
929
461
1389
179
1183
660
376
233
14416
522
2221
223
14810
9284
773
5902
86
832
4794
747
2447
105
760
146
70
142
563
49
53
32
269
30
56
228
123
168
96
479
176
453
1333
102
108
108
443
190
163
64
306
134
86
819
100
118
131
300
45
51
74
223
377
405
187
51
97
89
121
64
58
131
234
37
125
42
488
76
632
126
1071
246
1828
105
104
408
381
310
430
115
5271
570
229
338
226
824
14
612
22
342
257
107
247
38
120
615
145
1168
123
788
90
110
234
566
818
270
113
9
8647
271
203
281
1203
869
24
703
273
619
70
1333
112
1203
79
516
96
261
838
949
120
155
244
149
648
109
999
3508
271
126
1160
491
238
44
106
60
61
33
196
40
16
47
463
109
330
4
168
38
206
39
129
209
105
36
18
181
111
26
318
33
0
0
33
0
0
0
167
23
54
0
77
10
10
0
22
2
0
0
0
2
11
3
0
14
164
43
2
209
94
7
7
8
256
572
209
14
795
290
176
6
472
86
66
5
157
43
16
1
60
205
24
1
4
234
460
1
1
2
5
1
6
10
3
13
7
0
7
1
0
1
3
6
9
34
23
57
13
5
18
9
1
10
11
3
14
20
1
21
2
0
2
1
1
2
14
0
14
12
1
13
5
1
6
32
1
33
10
1
11
5
1
6
8
0
8
14
0
14
6
4
10
17
5
22
3
0
3
32
26
58
2
0
2
1
1
2
13
5
18
2
19
21
17
0
17
24
1
25
8
3
11
10
3
13
4
2
6
5
3
8
1
1
2
4
0
4
0
2
2
5
3
8
8
0
8
2
0
2
5
3
8
3
2
5
22
2
24
0
1
1
4
1
5
2
1
3
9
0
9
13
1
14
16
10
26
12
0
12
55
34
89
9
0
9
2
0
2
6
4
10
20
4
24
117
79
196
9
0
9
10
3
13
2
2
4
0
1
1
10
2
12
10
3
13
24
6
30
7
3
10
2
2
4
7
3
10
8
0
8
8
1
9
36
6
42
5
1
6
0
0
0
8
2
10
5
9
14
29
3
32
3
0
3
187
41
228
23
7
30
6
1
7
5
1
6
2
2
4
112
29
141
5
0
5
8
0
8
10
16
26
13
3
16
4
1
5
6
2
8
2
0
2
22
9
31
20
2
22
11
2
13
8
0
8
3
1
4
2
1
3
18
1
19
120
26
146
3
2
5
4
2
6
